50
3
1 2 3
2 3 5
3 5 6
2 3 4
1 2 3
2
2 6
2 4
4 8
3
3 4 5
2 3 4
1 2 3
3 4 5
2 3 4
4
7 10 11 13
1 2 3 8
1 2 3 7
3 5 6 12
3 5 6 11
8 9 12 13
2 4 5 10
2
2 4
4 8
6 8
10
10 14 17 18 19 21 23 25 26 28
14 18 20 23 24 26 28 30 33 35
10 13 16 17 18 21 23 25 28 30
9 13 15 16 17 19 21 22 23 26
2 3 5 6 7 9 10 11 13 15
3 4 7 9 11 13 14 15 17 18
5 7 9 10 12 14 16 18 19 20
7 9 12 14 16 17 19 23 24 26
6 8 10 11 13 16 18 21 23 25
11 14 18 20 21 22 25 27 30 32
11 15 19 21 23 24 25 27 29 30
3 4 7 8 9 11 13 14 16 18
6 9 10 11 14 15 17 20 21 23
9 11 14 15 17 19 21 24 26 28
5 7 9 10 12 15 17 19 21 23
2 3 5 6 7 9 10 11 13 14
13 16 19 21 22 23 26 29 32 33
7 11 12 13 16 17 18 21 22 24
13 17 21 23 24 26 28 30 32 33
2
2 22
2 22
22 222
7
1 5 10 15 19 23 24
17 22 26 30 34 35 41
21 27 30 33 35 37 42
24 28 30 31 38 41 42
10 13 18 24 27 28 31
15 18 20 24 26 30 33
5 7 11 13 16 22 27
15 16 21 26 32 33 38
1 2 5 10 15 17 21
10 14 16 18 21 26 30
23 25 27 28 33 35 37
5 11 16 20 24 27 30
19 21 24 27 32 34 35
10
4 6 8 10 12 13 14 16 17 18
3 5 6 8 10 11 13 14 15 16
10 14 15 17 21 22 24 25 27 29
2 3 5 6 8 9 10 11 13 15
11 14 16 18 21 22 24 25 28 30
5 6 8 9 10 12 13 15 16 18
12 15 16 18 23 25 26 28 30 31
13 15 17 20 22 24 25 27 30 31
9 12 13 16 19 21 23 24 25 28
8 10 12 14 16 17 19 21 23 25
2 3 4 6 7 8 9 10 12 14
6 8 10 11 12 14 16 17 18 19
9 11 13 16 17 18 21 22 25 26
7 9 10 12 16 17 19 21 22 24
14 16 18 19 25 26 27 30 31 33
3 5 6 7 9 11 12 14 15 16
6 7 9 11 14 16 17 18 20 21
8 11 12 14 17 18 21 22 24 26
10 13 14 17 19 21 23 24 26 27
9
3 5 6 8 9 10 13 17 20
5 10 12 17 20 24 25 31 36
8 14 18 19 22 28 29 34 39
13 24 25 29 35 38 41 45 47
13 22 25 28 30 34 38 42 46
10 18 22 26 27 32 35 38 40
9 17 20 22 27 30 35 40 42
20 32 36 39 40 46 48 50 55
10 21 24 28 32 34 39 43 45
3 4 5 8 10 13 17 21 25
17 25 29 31 35 39 41 46 48
5 8 10 14 18 22 25 29 33
17 28 31 34 38 42 46 49 53
6 10 12 18 22 25 29 33 34
8 13 17 19 26 28 31 36 38
21 29 33 36 40 43 45 49 50
4 8 10 13 17 21 24 28 32
7
4 6 7 9 12 13 16
10 14 16 17 20 21 24
7 9 10 13 16 18 20
5 7 9 11 14 15 17
4 6 7 9 10 11 14
1 2 4 5 7 8 10
2 4 6 8 10 12 14
2 4 6 7 9 10 12
1 2 4 5 7 9 10
8 10 11 14 17 20 21
10 12 14 16 19 22 24
7 10 12 14 16 17 19
9 12 13 15 18 20 22
5
1 3 5 7 9
4 7 9 10 13
9 11 13 15 18
6 10 13 14 18
5 8 11 12 15
7 9 10 12 14
3 5 7 8 10
3 5 8 9 11
1 3 4 5 6
10
2 12 22 32 42 52 62 72 82 92
81 82 83 84 85 86 87 88 89 90
61 62 63 64 65 66 67 68 69 70
8 18 28 38 48 58 68 78 88 98
91 92 93 94 95 96 97 98 99 100
7 17 27 37 47 57 67 77 87 97
1 11 21 31 41 51 61 71 81 91
71 72 73 74 75 76 77 78 79 80
5 15 25 35 45 55 65 75 85 95
1 2 3 4 5 6 7 8 9 10
11 12 13 14 15 16 17 18 19 20
3 13 23 33 43 53 63 73 83 93
51 52 53 54 55 56 57 58 59 60
10 20 30 40 50 60 70 80 90 100
41 42 43 44 45 46 47 48 49 50
4 14 24 34 44 54 64 74 84 94
21 22 23 24 25 26 27 28 29 30
6 16 26 36 46 56 66 76 86 96
31 32 33 34 35 36 37 38 39 40
4
6 8 11 14
7 8 11 13
10 13 14 17
7 9 13 17
5 6 8 13
3 5 6 7
5 6 8 9
6
9 14 16 21 23 28
12 17 21 22 25 29
20 21 22 29 32 40
3 8 10 12 17 21
8 12 14 16 18 21
21 27 28 33 38 40
17 22 23 27 28 32
17 18 19 25 28 38
13 16 17 22 27 33
10 15 16 17 19 22
3 5 9 13 17 20
5
5 11 16 17 21
1 5 7 8 12
8 16 18 22 26
8 18 22 25 29
7 14 18 22 25
11 17 22 25 29
12 19 26 29 32
13 21 25 29 32
6 11 14 18 19
7
41 48 73 74 95 108 131
63 73 87 99 101 109 140
80 89 108 131 151 161 168
45 74 99 131 156 172 186
25 41 63 80 96 113 114
25 31 44 45 61 72 86
61 95 101 151 176 178 195
72 108 109 161 197 208 229
114 148 164 186 195 229 254
86 131 140 168 211 226 254
31 48 73 89 103 138 148
96 103 112 156 176 197 211
44 73 87 108 112 157 164
4
3 10 12 13
4 7 10 13
7 8 12 16
1 4 7 9
2 7 8 11
4 13 16 18
9 11 13 18
9
13 15 23 26 27 35 37 42 51
1 2 4 9 10 15 17 18 21
15 18 25 27 28 38 40 45 55
10 19 25 26 27 28 33 40 45
2 8 9 14 15 18 25 29 34
21 28 37 46 51 55 57 59 65
8 14 21 25 26 30 36 41 46
1 3 4 8 13 15 20 22 25
3 8 12 15 19 23 24 25 28
25 34 37 43 45 48 54 60 65
9 15 22 25 26 27 31 38 43
18 25 33 41 42 45 49 56 60
15 23 27 30 35 38 42 47 48
4 9 17 22 25 27 32 33 37
17 24 32 36 37 40 47 52 54
20 25 29 31 33 42 47 49 57
4 12 17 21 23 25 29 33 37
10
1 2 4 6 8 9 10 11 12 14
11 20 21 27 28 31 34 38 39 43
9 14 17 22 25 26 29 34 37 39
10 13 16 19 22 25 26 28 31 32
17 18 27 30 33 37 38 39 43 44
12 14 19 20 25 26 29 31 32 33
10 17 18 24 26 29 31 36 38 41
6 10 12 15 19 20 25 28 30 33
2 5 7 9 13 14 15 16 18 21
8 13 16 19 22 25 28 31 33 36
13 15 22 25 28 29 31 34 37 39
5 7 9 12 16 17 18 21 25 27
14 25 27 30 32 33 39 43 44 48
7 9 11 15 19 22 24 27 29 30
3 5 7 10 13 14 17 20 23 25
12 23 25 29 31 32 37 40 43 46
15 16 25 28 31 34 36 38 40 43
4 7 9 11 16 19 22 25 27 28
18 21 28 33 36 39 41 43 46 48
6
5 8 9 12 17 20
16 24 29 33 38 43
8 15 19 24 28 32
12 19 26 33 38 43
20 29 32 43 47 50
17 28 33 38 43 47
12 19 22 26 30 32
17 24 30 38 43 47
5 10 12 16 17 19
9 17 22 29 33 34
19 32 34 43 47 50
9
16 17 18 24 27 29 31 32 34
9 13 16 18 22 24 27 29 31
2 3 6 8 9 11 14 15 17
19 20 23 26 29 31 33 36 39
8 11 15 16 19 22 24 26 29
3 6 7 10 12 16 17 20 22
4 6 9 11 13 15 17 20 21
17 21 24 27 30 32 34 39 41
14 17 20 24 27 29 31 33 36
2 4 6 8 10 13 16 19 20
8 10 13 16 18 22 24 25 27
10 12 14 19 22 23 27 29 30
13 16 17 22 24 26 29 30 32
6 7 12 15 16 19 20 22 24
11 15 19 22 23 26 29 31 33
20 22 25 29 31 33 36 38 41
6 9 12 13 14 17 18 23 25
10
15 18 20 22 25 27 28 30 31 34
2 4 5 7 8 10 11 12 14 16
10 13 14 18 20 21 22 24 26 27
4 6 7 8 10 11 13 15 16 18
13 16 19 21 24 25 27 28 30 32
7 10 12 14 16 18 19 21 23 24
11 13 14 16 19 20 22 25 27 28
16 18 20 21 24 26 27 29 32 34
2 3 4 5 7 9 10 11 13 15
3 6 8 10 11 12 13 14 15 18
9 11 13 16 18 19 20 22 24 26
12 14 15 18 21 22 24 26 28 30
14 15 16 19 23 24 26 28 30 31
10 12 13 15 18 19 21 23 25 27
5 8 9 10 12 13 14 17 19 20
4 7 9 11 12 13 14 15 16 20
7 10 11 13 14 16 18 20 21 22
5 8 10 13 14 15 16 18 19 21
8 11 12 14 16 18 20 22 24 25
4
3 6 8 10
3 5 8 9
1 2 3 4
1 2 3 5
5 6 10 11
4 7 9 11
2 4 6 7
4
8 11 14 18
7 9 10 14
1 2 5 8
4 7 8 11
10 13 15 18
2 7 9 13
1 4 7 10
7
6 11 15 18 20 21 33
23 25 26 29 31 33 34
6 11 15 18 20 21 32
4 9 13 16 17 18 28
2 7 8 9 10 11 25
4 9 13 16 17 18 29
5 10 14 17 19 20 31
1 2 3 4 5 6 22
1 2 3 4 5 6 23
22 24 27 28 30 32 34
3 8 12 13 14 15 26
3 8 12 13 14 15 27
2 7 8 9 10 11 24
2
2 22
22 222
22 222
10
21 24 25 29 31 33 40 43 45 46
18 19 24 26 30 31 38 41 42 45
3 5 7 10 13 14 16 18 21 23
6 8 10 11 16 17 18 19 24 26
15 20 25 29 33 36 37 41 43 44
9 15 19 20 22 26 28 30 31 33
7 10 13 16 19 21 23 25 26 27
10 11 16 19 20 24 26 29 31 33
7 9 13 16 19 22 23 24 25 28
13 16 19 20 22 27 30 33 36 38
11 17 21 24 27 28 29 31 33 35
8 12 16 19 20 23 25 26 29 31
3 6 7 8 9 11 12 15 18 20
18 21 26 31 36 38 41 42 45 46
5 8 9 12 15 17 19 20 21 22
20 22 27 33 38 41 42 45 46 48
16 18 23 25 28 29 36 37 41 42
14 17 22 23 26 28 33 36 38 41
23 26 28 31 33 35 41 44 46 48
3
7 10 13
3 6 9
9 10 13
6 8 10
3 6 7
8
8 11 14 16 17 19 20 22
5 6 9 10 13 15 16 18
4 6 7 9 10 12 14 16
6 7 8 10 12 13 16 17
2 4 5 6 8 9 11 13
2 4 6 7 9 11 13 15
8 11 13 15 16 17 19 20
3 5 7 8 11 13 15 16
9 13 16 17 18 20 21 23
9 13 15 16 17 19 20 21
7 9 11 13 15 16 17 18
1 2 3 5 6 7 8 9
11 15 16 18 19 21 22 23
6 8 10 12 15 16 17 19
7 9 12 13 16 17 19 21
2
2 4
2 6
6 8
8
17 18 21 25 28 30 33 35
6 9 10 15 16 19 22 23
2 4 6 9 10 13 16 18
13 15 19 20 22 26 30 33
16 18 22 24 25 27 33 36
3 7 8 12 14 15 18 21
8 11 14 16 17 20 24 25
14 17 20 22 23 26 27 29
20 22 23 27 30 33 36 37
9 12 15 16 19 22 25 27
11 12 15 19 21 22 25 27
2 3 6 8 11 14 17 20
4 7 9 11 12 17 18 22
18 21 23 25 27 29 35 37
6 8 10 14 15 20 21 23
7
1 2 3 4 5 6 7
15 16 17 18 19 20 21
29 30 31 32 33 34 35
7 14 21 28 35 42 49
8 9 10 11 12 13 14
2 9 16 23 30 37 44
5 12 19 26 33 40 47
1 8 15 22 29 36 43
4 11 18 25 32 39 46
22 23 24 25 26 27 28
3 10 17 24 31 38 45
36 37 38 39 40 41 42
6 13 20 27 34 41 48
2
2 4
3 6
4 6
10
1 2 3 4 5 6 7 8 9 10
10 11 12 13 14 15 16 17 18 19
1 2 3 4 5 6 7 8 9 10
5 6 7 8 9 10 11 12 13 14
4 5 6 7 8 9 10 11 12 13
4 5 6 7 8 9 10 11 12 13
8 9 10 11 12 13 14 15 16 17
2 3 4 5 6 7 8 9 10 11
7 8 9 10 11 12 13 14 15 16
2 3 4 5 6 7 8 9 10 11
7 8 9 10 11 12 13 14 15 16
9 10 11 12 13 14 15 16 17 18
10 11 12 13 14 15 16 17 18 19
6 7 8 9 10 11 12 13 14 15
8 9 10 11 12 13 14 15 16 17
9 10 11 12 13 14 15 16 17 18
6 7 8 9 10 11 12 13 14 15
3 4 5 6 7 8 9 10 11 12
5 6 7 8 9 10 11 12 13 14
7
4 5 6 7 8 9 10
7 8 9 10 11 12 13
1 2 3 4 5 6 7
4 5 6 7 8 9 10
3 4 5 6 7 8 9
6 7 8 9 10 11 12
2 3 4 5 6 7 8
2 3 4 5 6 7 8
7 8 9 10 11 12 13
3 4 5 6 7 8 9
1 2 3 4 5 6 7
6 7 8 9 10 11 12
5 6 7 8 9 10 11
4
2 4 6 7
6 8 12 14
2 3 4 6
7 9 11 14
4 5 6 8
6 7 9 12
3 5 7 9
2
4 8
2 6
6 8
4
4 8 12 16
9 10 11 12
3 7 11 15
1 5 9 13
1 2 3 4
2 6 10 14
5 6 7 8
3
2 3 4
3 4 5
1 2 3
3 4 5
1 2 3
4
23 37 47 61
47 57 92 116
61 68 98 118
36 39 57 68
37 39 67 80
70 80 116 118
51 67 92 98
7
6 9 10 13 14 15 17
11 13 14 15 18 20 22
9 12 13 14 16 18 20
13 15 16 17 20 22 24
3 6 8 10 12 13 15
4 6 8 9 10 11 13
6 8 9 10 12 14 15
11 13 15 19 20 22 24
2 3 4 6 7 9 11
4 8 9 11 13 14 16
9 11 14 17 18 20 22
2 4 6 7 9 11 13
7 10 11 13 15 17 19
3
5 10 11
5 10 14
6 11 18
1 5 9
1 5 6
3
4 6 8
2 3 5
5 8 9
2 4 6
3 6 8
7
7 9 10 13 15 16 19
4 5 7 10 13 15 18
4 10 13 17 19 22 24
1 4 7 10 11 13 14
10 15 16 19 25 27 30
10 11 14 17 18 19 20
3 7 10 14 16 19 22
13 15 19 22 24 27 30
11 18 19 20 27 30 32
11 13 16 19 22 25 27
1 2 3 4 7 10 11
2 5 9 11 13 15 17
7 13 15 18 22 24 27
3
1 2 3
2 3 4
2 3 4
3 4 5
1 2 3
10
3 11 18 19 20 21 22 23 24 51
7 15 22 28 33 37 40 41 42 59
4 12 19 25 26 27 28 29 30 52
4 12 19 25 26 27 28 29 30 53
9 17 24 30 35 39 42 44 45 63
2 10 11 12 13 14 15 16 17 48
5 13 20 26 31 32 33 34 35 55
9 17 24 30 35 39 42 44 45 62
8 16 23 29 34 38 41 43 44 60
6 14 21 27 32 36 37 38 39 57
7 15 22 28 33 37 40 41 42 58
46 48 50 52 55 56 59 61 63 64
6 14 21 27 32 36 37 38 39 56
47 49 51 53 54 57 58 60 62 64
1 2 3 4 5 6 7 8 9 47
8 16 23 29 34 38 41 43 44 61
2 10 11 12 13 14 15 16 17 49
1 2 3 4 5 6 7 8 9 46
3 11 18 19 20 21 22 23 24 50
8
3 6 8 10 11 12 14 16
11 14 18 20 23 24 25 29
8 11 15 18 20 23 25 28
7 9 13 14 18 20 22 25
8 12 15 16 20 22 24 26
5 7 11 12 15 18 19 21
6 10 12 14 16 20 21 24
2 3 5 6 8 9 11 14
9 12 18 20 22 24 27 29
3 6 7 9 12 14 15 19
11 14 19 22 24 25 30 31
2 3 5 7 8 11 14 17
17 19 22 24 28 29 31 34
14 16 21 25 26 29 32 34
14 15 20 21 25 27 30 32
4
4 5 6 7
1 2 3 4
2 3 4 5
4 5 6 7
2 3 4 5
3 4 5 6
1 2 3 4
10
95 102 138 139 150 153 165 203 226 242
92 118 163 179 197 226 240 259 281 304
52 73 116 128 146 153 198 213 238 262
58 97 140 142 148 165 220 229 258 278
74 94 113 118 138 146 148 186 197 215
50 66 72 81 95 128 142 165 179 205
81 105 147 165 186 203 225 240 266 287
5 10 34 50 74 95 102 119 144 156
5 9 14 27 48 52 58 81 92 93
14 31 53 72 113 138 152 159 174 197
27 41 71 81 118 139 166 167 179 214
48 65 91 95 138 150 190 212 232 236
102 106 152 166 190 198 220 225 240 262
10 23 31 41 65 73 97 105 118 125
34 51 53 71 91 116 140 147 163 185
9 23 51 66 94 102 106 126 146 160
93 125 185 205 215 242 262 279 288 314
156 160 197 214 236 262 278 287 304 314
119 126 159 167 212 213 229 240 259 279
