50
3
1 2 3
2 3 5
3 5 6
2 3 4
1 2 3
3
1 2 3
2 3 4
1 2 3
3 4 5
3 4 5
8
11 13 16 17 23 26 27 28
12 15 18 22 26 28 29 32
14 17 18 20 24 28 30 31
4 6 9 11 13 17 18 22
1 4 7 8 11 14 17 19
8 11 13 15 20 22 24 25
17 20 21 25 28 31 34 38
11 13 17 20 23 24 25 26
19 22 23 25 26 32 36 38
14 18 19 24 27 30 33 36
7 9 11 14 17 18 19 21
4 6 8 11 13 15 18 20
9 11 14 15 17 20 22 25
7 8 11 13 16 18 19 23
17 18 19 22 25 29 33 34
7
13 19 21 24 27 29 32
5 7 10 12 14 17 19
4 7 11 13 14 17 19
10 14 16 20 21 23 27
11 17 18 21 23 25 29
8 11 12 15 16 18 21
6 10 12 14 16 18 21
14 19 21 24 25 27 32
8 12 15 17 20 21 24
12 17 18 21 23 25 27
11 14 16 20 21 23 25
9 13 14 17 20 21 24
2 5 8 9 11 12 13
6
1 4 7 11 13 17
12 15 20 23 30 36
4 8 10 14 15 20
4 8 9 12 18 22
11 12 16 18 23 30
17 22 28 31 36 37
9 14 15 18 27 31
15 20 25 30 34 37
13 18 23 27 30 34
7 9 12 15 20 25
6 10 12 16 23 28
7
8 14 47 56 74 80 88
34 74 82 122 131 155 175
71 88 130 133 155 166 168
32 56 79 110 126 133 165
63 88 111 153 163 168 195
46 58 109 126 131 145 163
25 47 66 91 109 130 147
8 14 17 47 58 88 118
39 47 91 110 122 131 153
93 118 147 165 175 176 195
41 80 94 131 145 166 176
15 17 66 79 82 94 111
2 8 25 32 34 41 63
4
6 7 11 14
6 7 9 10
10 14 15 18
3 6 7 8
3 6 8 10
7 9 13 15
8 10 15 18
10
3 5 7 9 11 13 14 15 16 18
4 7 9 10 13 15 17 19 20 22
13 18 20 23 25 28 29 31 32 34
1 3 5 6 7 9 10 12 14 16
5 7 9 11 12 14 15 16 18 20
11 15 16 19 22 25 27 28 29 30
1 3 4 5 7 8 10 11 12 13
10 14 15 18 20 23 25 26 28 29
12 14 19 21 23 24 26 28 29 31
10 13 17 18 19 22 25 27 28 29
6 9 10 13 15 17 18 19 21 23
14 16 20 23 25 27 28 29 31 32
12 16 18 21 24 26 28 29 31 33
7 11 13 15 17 19 20 22 24 25
16 18 22 25 27 28 29 30 33 34
9 12 15 17 18 21 23 25 26 28
5 9 11 13 15 17 18 21 23 25
3 5 7 9 11 12 13 14 16 18
8 13 14 17 19 21 22 24 27 28
3
2 3 4
1 2 3
3 4 5
3 4 5
2 3 4
10
31 32 33 34 35 36 37 38 39 40
61 62 63 64 65 66 67 68 69 70
21 22 23 24 25 26 27 28 29 30
7 17 27 37 47 57 67 77 87 97
81 82 83 84 85 86 87 88 89 90
5 15 25 35 45 55 65 75 85 95
10 20 30 40 50 60 70 80 90 100
2 12 22 32 42 52 62 72 82 92
41 42 43 44 45 46 47 48 49 50
11 12 13 14 15 16 17 18 19 20
3 13 23 33 43 53 63 73 83 93
6 16 26 36 46 56 66 76 86 96
71 72 73 74 75 76 77 78 79 80
4 14 24 34 44 54 64 74 84 94
1 2 3 4 5 6 7 8 9 10
51 52 53 54 55 56 57 58 59 60
91 92 93 94 95 96 97 98 99 100
9 19 29 39 49 59 69 79 89 99
8 18 28 38 48 58 68 78 88 98
9
12 25 31 34 41 46 51 54 58
7 18 20 23 27 31 36 38 40
19 35 40 44 49 51 56 57 59
3 4 7 11 13 15 19 20 22
16 32 40 44 49 53 59 66 74
11 23 27 33 36 42 49 51 55
4 13 15 20 23 25 29 30 32
9 15 20 27 30 35 40 42 46
8 13 18 22 27 32 35 37 42
13 29 36 40 44 49 56 60 62
20 37 42 47 51 54 60 65 66
10 20 23 28 34 39 44 47 52
13 27 30 34 36 41 44 48 49
3 8 9 10 11 12 13 14 16
11 22 27 28 33 34 40 42 44
14 30 38 42 48 50 57 65 70
22 42 46 52 55 58 62 70 74
4
5 6 8 9
6 8 9 11
2 4 5 6
2 4 5 6
6 7 9 11
5 6 8 9
4 5 6 7
4
1 5 9 13
3 7 11 15
4 8 12 16
5 6 7 8
13 14 15 16
9 10 11 12
1 2 3 4
10
85 97 113 143 145 150 191 204 214 245
148 183 202 207 214 244 248 289 301 302
44 64 86 98 113 126 151 171 176 185
64 82 108 123 143 144 174 198 214 226
103 115 126 144 156 177 194 221 244 266
164 208 221 231 245 266 288 296 322 337
23 30 45 61 85 103 128 129 144 154
61 83 98 123 132 137 170 193 207 231
144 155 176 214 215 234 237 287 301 322
115 144 168 170 191 194 212 227 237 257
25 53 74 83 97 115 143 144 155 171
102 121 129 137 150 177 208 219 234 250
124 167 179 193 204 221 246 268 287 294
128 143 151 174 199 208 212 246 248 288
154 171 185 226 239 250 257 294 302 337
23 25 44 64 79 102 115 124 148 164
79 95 126 132 145 156 199 202 215 239
45 74 86 108 126 129 168 179 202 221
30 53 64 82 95 121 144 167 183 208
10
26 30 36 39 44 52 54 57 58 68
22 38 40 43 49 50 51 56 58 61
14 19 20 23 33 38 40 44 49 52
21 33 35 36 44 46 49 50 57 58
2 9 11 16 19 22 26 29 30 31
9 11 17 20 23 25 31 35 40 44
12 24 25 29 38 40 44 47 52 53
6 17 20 21 23 30 36 38 39 45
19 26 31 36 37 44 46 49 51 60
12 16 19 21 28 29 33 36 43 49
17 28 31 33 40 42 46 49 54 56
25 43 44 49 52 56 60 64 68 69
1 5 9 12 14 17 19 22 26 28
7 20 23 28 33 35 37 42 44 48
1 2 4 6 7 12 17 21 22 25
22 29 32 38 42 47 49 50 56 64
28 31 41 45 48 53 56 58 61 69
17 22 27 30 35 40 42 46 50 56
4 12 17 19 20 27 31 32 36 41
4
13 18 21 22
9 10 18 21
17 21 24 28
13 15 22 28
5 9 11 13
5 8 13 17
11 14 21 24
3
3 4 5
2 3 4
1 2 3
1 2 3
2 3 4
7
6 13 20 27 34 41 48
36 37 38 39 40 41 42
43 44 45 46 47 48 49
15 16 17 18 19 20 21
1 8 15 22 29 36 43
3 10 17 24 31 38 45
7 14 21 28 35 42 49
5 12 19 26 33 40 47
29 30 31 32 33 34 35
8 9 10 11 12 13 14
22 23 24 25 26 27 28
2 9 16 23 30 37 44
4 11 18 25 32 39 46
7
11 12 14 15 17 19 21
8 9 11 12 14 16 17
9 11 13 14 16 18 20
4 6 9 10 12 14 15
1 3 4 6 8 9 11
6 7 11 12 14 16 17
4 6 8 9 11 13 14
9 11 14 15 17 20 21
3 5 8 9 11 13 14
8 10 13 14 16 18 19
2 4 6 7 9 11 12
1 2 3 4 6 8 9
3 4 5 6 7 10 11
8
8 10 13 14 15 18 20 22
12 16 18 19 22 24 26 28
6 8 11 12 14 17 18 19
10 12 15 17 18 19 21 23
9 10 13 14 15 18 19 21
14 16 17 19 21 23 24 28
7 9 11 12 14 16 18 19
10 11 14 16 18 19 21 24
1 3 4 6 8 10 12 14
4 7 9 11 13 15 17 18
11 14 17 18 20 21 23 24
1 3 5 7 9 10 11 12
3 5 6 9 10 12 14 16
12 14 16 18 19 21 23 26
5 6 9 11 13 14 16 17
8
9 14 15 18 26 30 33 36
21 26 28 32 36 41 43 48
28 36 41 45 49 53 58 59
5 9 11 14 18 19 23 27
27 33 35 40 45 46 50 56
14 21 26 28 32 34 40 45
11 19 22 23 28 32 35 41
5 10 13 17 21 22 27 28
13 15 22 26 30 31 32 39
22 30 32 34 38 45 49 54
27 35 39 42 48 54 56 59
19 26 31 33 41 45 46 53
23 31 32 37 43 49 50 58
18 24 30 31 36 38 45 49
17 18 23 28 31 33 37 42
10
1 2 3 4 5 6 7 8 9 10
9 10 11 12 13 14 15 16 17 18
2 3 4 5 6 7 8 9 10 11
9 10 11 12 13 14 15 16 17 18
10 11 12 13 14 15 16 17 18 19
4 5 6 7 8 9 10 11 12 13
3 4 5 6 7 8 9 10 11 12
6 7 8 9 10 11 12 13 14 15
8 9 10 11 12 13 14 15 16 17
3 4 5 6 7 8 9 10 11 12
6 7 8 9 10 11 12 13 14 15
5 6 7 8 9 10 11 12 13 14
10 11 12 13 14 15 16 17 18 19
4 5 6 7 8 9 10 11 12 13
2 3 4 5 6 7 8 9 10 11
7 8 9 10 11 12 13 14 15 16
1 2 3 4 5 6 7 8 9 10
8 9 10 11 12 13 14 15 16 17
7 8 9 10 11 12 13 14 15 16
6
4 7 12 13 15 16
12 15 16 21 26 28
2 3 4 7 8 11
11 14 19 23 26 28
7 10 15 18 19 21
9 12 13 18 21 23
8 11 18 21 24 26
2 3 6 9 11 12
3 5 9 12 14 15
3 5 7 10 11 14
6 9 12 15 18 19
3
6 10 13
6 9 10
4 9 11
3 4 6
3 6 7
2
1 2
2 3
1 2
9
2 5 7 8 10 13 17 21 22
22 26 29 37 40 42 46 52 56
23 27 28 33 34 39 41 48 52
20 24 26 30 31 35 40 44 46
16 18 24 28 30 33 36 39 42
9 14 18 21 22 26 30 33 37
21 23 27 33 38 39 44 48 51
7 11 12 16 19 20 22 27 29
12 15 20 24 25 28 34 38 40
27 29 33 35 37 42 44 51 56
13 16 20 26 28 33 35 39 42
6 8 11 12 13 16 19 23 26
10 13 19 22 25 30 31 34 37
17 19 22 30 34 36 40 41 44
5 8 11 14 15 18 24 27 29
8 12 16 21 24 28 30 33 35
2 6 7 9 12 16 20 23 27
6
9 14 15 20 23 25
6 9 10 11 12 15
3 6 7 9 11 14
14 15 19 25 27 28
8 11 17 20 23 24
4 9 12 14 16 18
7 12 14 17 18 19
11 12 18 23 24 27
3 4 7 8 11 14
11 16 18 23 24 27
7 10 14 15 18 21
4
4 8 11 14
4 5 8 12
14 18 21 24
8 10 13 15
12 15 18 24
8 13 15 21
11 12 15 18
5
14 16 21 22 24
10 13 15 20 23
8 13 16 22 27
19 22 27 31 35
5 8 10 11 16
10 15 21 27 32
16 23 24 35 40
5 10 14 19 22
11 20 22 31 33
2
22 222
2 22
2 22
3
2 3 6
3 11 12
9 12 14
6 13 14
2 7 9
9
18 23 31 38 43 47 50 54 58
7 10 15 17 20 24 27 31 33
2 5 8 12 17 21 24 28 32
12 17 21 26 31 35 38 40 41
9 15 17 21 25 29 33 36 38
32 33 38 44 48 50 58 61 63
21 28 36 40 45 51 53 57 61
12 17 19 26 28 30 36 39 44
21 24 29 30 37 41 47 51 53
28 31 36 39 43 45 54 57 59
25 31 40 41 46 53 54 59 63
8 15 17 19 24 27 31 36 40
14 18 24 31 35 37 41 43 48
16 20 27 35 36 41 42 45 50
2 7 9 12 14 16 18 21 25
24 27 33 36 41 42 50 53 54
5 10 15 17 18 20 23 28 31
4
1 2 3 4
2 3 4 5
2 3 4 5
4 5 6 7
3 4 5 6
3 4 5 6
4 5 6 7
5
13 19 27 35 40
5 6 7 11 13
14 15 18 22 27
19 25 31 35 40
11 17 22 30 35
6 11 15 23 25
5 9 14 18 19
7 14 18 27 31
9 11 14 17 19
4
2 4 5 10
1 2 3 7
3 5 6 11
1 2 3 8
7 10 12 13
3 5 6 12
2 4 5 9
10
13 18 19 21 25 27 29 30 33 35
2 3 5 8 9 10 11 13 16 18
10 12 21 22 26 27 28 31 34 38
21 26 30 32 35 38 41 42 44 47
8 11 12 15 18 21 22 23 24 27
3 6 11 12 15 18 20 23 24 26
16 20 24 30 31 33 36 39 41 44
9 11 18 20 23 25 27 29 33 35
5 6 7 10 11 12 14 17 20 23
11 14 22 24 27 29 30 34 36 41
18 24 28 31 33 34 36 38 41 43
13 17 23 27 28 30 33 37 38 42
15 23 26 28 29 31 34 37 39 42
11 15 17 20 23 26 27 28 31 32
14 20 21 23 27 28 30 33 36 37
8 10 15 17 20 21 23 28 31 32
2 5 8 9 11 13 14 15 18 21
18 23 27 31 32 35 37 42 43 47
5 7 12 15 17 19 21 26 28 30
7
23 25 26 29 30 33 34
5 10 14 17 19 20 31
1 2 3 4 5 6 23
6 11 15 18 20 21 33
1 2 3 4 5 6 22
4 9 13 16 17 18 28
2 7 8 9 10 11 25
2 7 8 9 10 11 24
6 11 15 18 20 21 32
4 9 13 16 17 18 29
3 8 12 13 14 15 27
3 8 12 13 14 15 26
5 10 14 17 19 20 30
2
2 6
4 8
6 8
2
22 222
22 222
2 22
4
34 57 75 92
21 30 51 65
7 21 34 57
48 65 92 107
7 23 41 48
41 51 75 80
23 30 57 74
7
2 4 7 10 13 15 18
12 16 22 25 27 30 33
4 5 6 10 13 14 16
10 12 14 17 19 22 25
11 14 19 22 25 29 32
4 5 10 12 16 17 21
2 4 5 8 9 11 12
5 6 13 14 19 22 24
9 13 16 19 22 26 27
15 17 22 25 26 29 30
8 10 14 17 21 25 26
18 21 24 26 27 32 33
13 16 19 21 22 25 27
4
7 9 14 18
2 5 7 8
5 8 10 12
4 10 14 17
2 3 4 7
8 12 17 20
3 8 9 12
10
6 14 21 27 32 36 37 38 39 56
8 16 23 29 34 38 41 43 44 61
8 16 23 29 34 38 41 43 44 60
9 17 24 30 35 39 42 44 45 63
2 10 11 12 13 14 15 16 17 49
46 49 50 53 55 57 59 61 63 64
47 48 51 52 54 56 58 60 62 64
4 12 19 25 26 27 28 29 30 53
5 13 20 26 31 32 33 34 35 54
1 2 3 4 5 6 7 8 9 46
7 15 22 28 33 37 40 41 42 59
3 11 18 19 20 21 22 23 24 51
1 2 3 4 5 6 7 8 9 47
5 13 20 26 31 32 33 34 35 55
4 12 19 25 26 27 28 29 30 52
3 11 18 19 20 21 22 23 24 50
7 15 22 28 33 37 40 41 42 58
2 10 11 12 13 14 15 16 17 48
6 14 21 27 32 36 37 38 39 57
3
8 10 15
7 12 15
3 6 7
6 9 12
6 9 10
2
2 4
6 8
4 8
9
2 4 7 9 10 12 13 14 17
1 3 5 6 8 9 11 13 15
9 11 15 18 20 22 24 25 27
12 13 19 22 24 26 28 29 30
8 10 13 15 17 18 20 22 24
10 12 17 20 22 23 25 26 29
1 2 3 4 6 7 9 10 12
4 7 10 12 15 16 19 20 22
3 6 9 11 13 15 17 19 20
6 8 11 14 17 18 20 22 23
3 4 6 7 8 10 11 12 13
6 9 11 12 14 16 18 20 22
7 10 13 16 18 19 21 23 24
13 14 19 20 22 23 25 26 29
5 7 9 10 11 13 15 17 19
15 17 20 22 23 24 27 29 30
9 12 15 16 18 19 22 23 26
2
2 4
6 8
2 6
2
2 6
4 8
2 4
3
3 4 5
4 5 9
2 4 7
1 2 4
1 3 5
7
7 8 9 10 11 12 13
1 2 3 4 5 6 7
1 2 3 4 5 6 7
6 7 8 9 10 11 12
4 5 6 7 8 9 10
2 3 4 5 6 7 8
3 4 5 6 7 8 9
6 7 8 9 10 11 12
5 6 7 8 9 10 11
4 5 6 7 8 9 10
5 6 7 8 9 10 11
2 3 4 5 6 7 8
7 8 9 10 11 12 13
