25
2 20
7 17
9 2 10 4
5 2 6 9
2 1 5
6 2 14 2
20 1 6
4 1 20
15 3 20 17 4
1 1 15
3 1 1
12 1 3
11 1 12
13 1 11
7 1 13
16 1 7
10 1 16
14 3 17 10 15
18 1 14
19 2 9 18
8 1 19
17 1 8
2 9
13 13
13 1 13
13 1 13
13 1 13
13 0
13 1 13
13 0
13 2 13 13
13 0
13 1 13
3 10
1 2 2
2 2 2 1
2 4 1 2 1 1
1 0
1 0
2 1 2
2 3 2 2 2
1 0
1 2 1 2
1 0
2 2 2 1
2 20
2 1
3 0
2 0
2 1 4
3 2 3 4
1 2 2 2
4 1 2
3 2 1 3
4 2 2 2
2 1 3
3 2 3 2
4 2 4 3
3 2 3 2
3 2 2 4
4 0
4 1 4
4 1 2
3 1 3
2 0
2 2 4 4
4 0
4 15
3 1 1 2
3 2 3 2
1 1 1
2 1 3
2 2 2 3
1 1 3
2 4 1 2 3 1
1 1 3
2 4 3 1 3 1
2 4 2 3 2 1
2 0
2 2 1 2
1 0
1 2 3 3
2 4 1 3 2 1
2 1 2
3 20
2 3 1
2 1 3
1 3 1 3 1
2 1 1
2 1 1
2 1 3
1 0
3 1 1
1 0
3 1 3
3 2 2 2
1 1 2
3 1 3
2 0
1 3 1 3 1
3 2 1 1
3 2 2 3
2 2 3 1
1 3 3 2 2
1 2 2 3
2 0
3 19
1 1 1
1 0
1 0
1 0
1 0
1 0
1 0
1 1 1
1 1 1
1 1 1
1 1 1
1 1 1
1 1 1
1 1 1
1 1 1
1 1 1
1 2 1 1
1 2 1 1
1 2 1 1
1 2 1 1
1 4
1
1 0
1 2 1 3
2 0
3 1 2
4 15
3 1 1 3
1 1 3
2 0
1 1 3
2 2 2 1
2 2 3 2
3 1 3
2 0
1 1 1
2 3 1 3 1
3 0
1 2 1 1
2 3 2 3 3
3 2 2 1
3 2 2 3
1 1 3
3 5
1 2 2
2 1 1
1 3 2 2 1
2 0
2 0
1 2 2 1
1 2
2
2 0
2 1 2
2 13
2 2
2 0
2 2 2 2
2 0
2 1 2
2 0
2 1 2
2 1 2
2 3 2 2 2
2 0
2 0
2 1 2
2 1 2
2 0
2 20
3 1
3 1 3
2 1 3
2 1 1
3 2 3 2
3 1 3
1 2 2 2
2 0
3 0
1 3 2 2 1
3 1 3
2 3 1 2 3
2 0
3 0
2 2 1 1
3 2 2 1
2 0
3 1 3
3 3 2 3 3
3 0
2 1 2
20 15
1 5 2 2 2 1 5 3 1 4 2 1 2 4 4 5 2 2 4 1
5 0
1 1 1
1 1 2
1 1 4
2 3 5 1 2
5 1 3
3 0
5 2 2 2
3 1 2
1 0
5 1 2
5 3 2 5 2
2 1 4
2 4 1 1 1 2
3 1 3
3 20
4 2 2
2 0
2 2 4 3
3 0
3 1 1
1 2 3 4
4 3 4 1 2
2 2 1 4
3 1 3
1 1 2
3 1 2
3 1 2
3 2 2 1
2 1 2
2 0
4 1 2
1 1 1
1 3 4 2 4
2 3 4 4 1
1 3 3 1 1
2 2 3 4
1 1
2
1 1 1
1 1
2
2 0
1 1
2
1 3 1 2 3
10 20
1 2 3 4 5 6 7 8 9 10
8 0
7 1 7
1 1 1
9 1 9
10 1 10
5 0
2 1 2
5 1 5
4 0
8 1 8
7 0
4 1 4
6 1 6
1 0
3 1 3
2 0
10 0
9 0
3 0
6 0
3 20
8 17 13
15 1 20
14 1 3
18 2 19 10
7 4 14 11 8 9
8 2 4 15
16 1 1
12 2 16 14
4 4 18 13 4 4
10 2 4 16
20 1 6
3 4 11 4 19 10
5 1 9
2 2 18 5
17 2 7 19
19 1 2
6 1 14
13 2 7 12
1 1 7
9 2 19 11
11 1 18
4 20
1 3 1 2
3 2 1 2
3 2 1 2
3 1 1
2 1 3
3 0
3 1 3
3 4 2 1 2 2
1 0
3 2 3 2
1 2 2 3
1 1 2
3 1 2
3 2 2 2
1 1 3
2 1 1
1 2 3 3
2 2 2 2
1 0
3 0
2 3 2 3 2
3 10
1 1 5
2 8 3 1 1 4 4 3 3 3
3 3 3 6 6
1 7 3 1 5 4 2 5 2
6 8 2 5 3 1 2 1 1 4
1 2 1 1
4 2 6 6
2 2 4 1
2 1 4
1 2 4 1
2 1 6
23 5
2 3 1 2 4 4 2 3 2 4 1 1 2 1 2 3 2 2 3 4 3 4 2
2 1 2
1 2 2 4
4 1 1
2 2 1 4
3 0
3 3
1 1 1
1 0
1 0
1 0
1 1
2
2 3 1 2 3
