1000
12 565
82 866
19 295
15 302
21 197
85 895
77 477
30 891
12 564
156 630
317 635
102 205
9 19
321 643
155 311
1 1000
422 845
422 918
116 233
116 317
313 627
313 792
312 625
312 988
283 567
283 981
217 874
217 873
217 875
217 929
273 547
273 957
104 422
104 421
104 423
104 451
276 553
276 886
187 754
187 753
187 755
187 971
269 539
269 548
15 360
15 359
15 361
15 387
29 869
29 868
29 870
29 903
235 471
235 697
58 363
58 362
58 364
58 380
107 884
107 883
107 885
107 913
79 835
79 834
79 836
79 872
106 213
106 220
215 431
215 457
119 239
119 391
226 453
291 583
291 800
74 459
74 458
74 460
74 615
378 757
378 955
272 545
272 893
104 209
104 309
146 891
146 890
146 892
146 918
82 865
82 864
82 866
82 910
442 885
442 945
198 397
198 487
144 582
144 581
144 583
144 699
255 511
255 997
130 526
130 525
130 527
130 710
393 787
393 925
216 433
216 804
235 471
235 919
206 413
206 713
80 161
80 239
188 758
188 757
188 759
188 851
202 405
202 672
189 379
189 386
16 206
22 897
22 896
22 898
22 900
28 750
28 749
28 751
28 825
74 785
74 784
74 786
74 887
31 130
31 129
31 131
31 185
321 643
321 921
159 319
159 613
289 579
289 785
299 599
299 918
17 854
17 853
17 855
17 895
298 597
298 817
47 749
47 748
47 750
47 797
74 785
74 784
74 786
74 892
77 155
77 256
87 354
87 353
87 355
87 509
1 903
1 902
1 904
1 917
67 135
67 171
104 860
104 859
104 861
104 966
106 430
106 429
106 431
106 444
107 657
107 656
107 658
107 840
270 541
270 838
221 443
221 810
204 822
204 821
204 823
204 962
237 475
237 506
115 466
115 465
115 467
115 560
55 345
55 344
55 346
55 438
39 79
39 119
127 514
127 513
127 515
127 775
97 804
97 803
97 805
97 896
243 487
243 686
58 238
58 237
58 239
58 268
377 755
377 867
23 737
23 736
23 738
23 750
150 606
150 605
150 607
150 628
103 207
103 222
83 167
83 325
156 313
156 335
131 530
131 529
131 531
131 701
52 565
52 564
52 566
52 640
5 518
5 517
5 519
5 535
322 645
322 839
28 118
28 117
28 119
28 147
82 334
82 333
82 335
82 371
295 591
295 807
106 430
106 429
106 431
106 468
215 866
215 865
215 867
215 919
265 531
265 793
299 599
299 814
289 579
289 588
17 684
17 683
17 685
17 737
65 131
65 169
175 706
175 705
175 707
175 920
233 467
233 526
399 799
399 921
26 536
26 535
26 537
26 597
102 414
102 413
102 415
102 459
204 409
204 454
80 495
80 494
80 496
80 641
200 401
200 514
300 601
300 790
218 437
218 449
360 799
341 699
47 748
47 750
47 811
73 611
73 613
73 645
152 613
152 615
152 876
242 786
55 725
55 727
55 832
121 740
121 742
121 975
310 922
134 818
134 820
134 962
67 870
146 890
146 892
146 971
265 700
26 82
191 680
296 773
121 489
121 491
121 638
30 510
30 512
30 592
49 776
49 778
49 782
10 734
10 736
10 791
11 350
11 352
11 364
206 669
18 476
18 478
18 502
147 593
147 595
147 824
22 86
265 586
95 787
95 789
95 986
22 93
22 95
22 116
3 662
3 664
3 715
45 185
45 187
45 207
312 775
85 707
85 709
85 822
138 314
158 349
91 369
91 371
91 413
143 872
143 874
143 889
85 236
441 905
339 882
46 189
46 191
46 259
262 976
381 764
39 248
39 250
39 297
199 513
175 705
175 707
175 992
149 601
149 603
149 651
118 722
118 724
118 883
7 573
7 575
7 578
276 735
300 768
21 530
21 532
21 557
6 419
6 421
6 427
122 493
122 495
122 666
59 773
59 775
59 820
72 603
72 605
72 674
272 705
51 435
51 437
51 465
86 530
86 532
86 590
151 609
151 611
151 614
73 297
73 299
73 399
365 761
148 902
148 904
148 968
477 993
211 611
20 937
20 939
20 971
355 734
197 635
132 410
276 646
14 286
14 288
14 322
285 813
37 236
37 238
37 279
36 149
36 151
36 191
227 820
145 884
145 886
145 992
189 761
189 763
189 800
238 765
371 966
117 716
117 718
117 754
126 452
66 555
66 557
66 639
294 980
157 457
123 752
123 754
123 835
108 662
108 664
108 787
252 881
309 794
11 610
11 612
11 616
243 578
221 497
111 680
111 682
111 808
298 624
334 837
128 282
166 543
424 972
23 341
23 343
23 359
48 197
48 199
48 278
212 547
189 761
189 763
189 932
273 725
407 968
187 698
127 776
127 778
127 788
190 765
190 767
190 960
16 107
370 840
215 533
315 664
174 468
32 252
16 597
207 884
335 841
93 667
111 692
33 366
43 996
18 907
20 607
289 581
184 667
189 683
102 542
55 455
129 511
349 990
238 811
5 355
210 993
20 323
220 884
86 249
60 965
278 731
388 928
286 695
175 582
126 489
111 395
140 793
121 658
128 536
154 588
166 374
278 749
78 772
124 785
32 150
173 422
39 811
254 721
185 860
209 743
125 308
168 592
6 358
274 951
169 440
463 991
2 889
20 341
89 977
263 800
307 689
191 755
366 911
96 257
15 833
229 792
393 976
277 743
312 708
307 753
157 695
86 340
172 754
313 721
5 70
46 383
90 444
60 741
51 255
97 614
219 836
183 530
423 955
308 664
78 613
194 992
91 606
7 858
259 543
38 992
271 756
87 591
135 840
193 641
41 174
10 994
208 731
96 364
29 410
127 428
344 979
422 940
33 160
11 492
184 853
81 210
87 988
3 462
371 971
185 535
415 933
35 182
405 881
177 955
288 615
80 645
8 397
258 782
341 922
301 720
141 368
19 182
42 546
238 750
140 808
93 974
89 445
99 423
225 777
88 347
366 764
359 886
47 516
65 273
38 556
46 988
211 970
121 508
46 161
168 602
247 818
25 175
22 413
18 341
213 759
346 716
141 920
25 889
235 662
384 993
23 796
99 816
90 994
375 935
378 989
55 908
79 991
389 988
32 691
317 753
451 916
308 870
13 143
144 638
203 670
8 320
136 811
117 269
148 557
116 774
32 822
72 731
70 286
162 756
274 774
106 227
349 803
271 656
131 688
130 775
340 891
193 689
83 925
154 384
34 170
106 454
28 523
44 196
211 571
8 546
79 830
132 711
345 908
282 920
6 997
67 589
278 1000
45 495
293 909
435 874
73 775
44 989
208 840
3 435
296 740
234 902
228 986
107 287
354 876
153 485
193 512
226 729
271 963
238 922
36 206
92 311
146 530
415 983
54 454
210 502
16 360
398 881
358 743
243 816
53 939
337 798
30 860
251 670
46 830
6 781
142 629
156 874
9 477
106 336
160 636
10 719
42 681
291 730
202 993
206 663
31 435
137 910
199 495
18 604
62 680
20 993
264 669
46 124
10 60
54 201
199 849
37 387
340 944
76 399
40 983
7 312
387 912
15 918
92 418
1 494
27 347
45 524
216 531
198 694
47 894
136 543
146 438
93 713
278 730
192 671
383 867
217 914
290 817
62 481
370 996
436 967
230 975
66 891
242 869
273 928
278 686
183 613
10 284
277 890
377 968
20 777
245 635
218 496
21 503
371 928
113 735
160 940
71 585
19 554
276 558
160 569
297 988
21 383
53 343
138 287
243 583
25 668
258 664
287 912
187 888
113 911
270 798
14 377
62 191
88 594
316 977
110 815
73 428
86 850
101 853
429 952
216 828
362 918
241 508
33 168
196 521
276 734
264 930
161 630
169 526
28 757
35 736
340 758
145 683
88 371
322 990
111 878
147 949
122 557
79 461
473 950
82 775
118 525
56 516
335 707
217 944
61 752
117 975
77 617
88 872
67 281
212 823
34 965
21 430
106 279
229 562
127 533
387 860
140 970
119 333
183 627
112 410
268 840
137 596
153 333
154 470
271 682
98 319
121 654
431 911
38 138
187 757
147 849
63 523
210 727
68 377
69 294
165 483
256 723
158 515
365 911
138 481
204 708
285 858
63 202
242 845
215 445
52 215
44 415
68 882
193 792
321 892
235 548
43 308
193 768
410 823
15 943
32 947
236 534
258 964
282 729
414 990
183 694
170 508
211 504
425 990
111 321
47 509
56 361
212 523
234 581
119 713
134 414
251 986
5 449
181 702
321 976
20 944
13 326
61 853
124 817
128 545
439 945
84 414
279 930
217 852
23 616
333 857
164 904
149 664
353 956
61 750
53 952
244 795
9 20
171 903
13 588
50 367
165 381
40 301
232 864
85 970
65 559
62 684
113 960
87 565
196 626
94 404
194 769
276 984
105 302
35 761
107 440
189 867
296 648
285 713
42 149
149 359
119 318
39 670
172 714
443 962
120 683
110 904
56 725
417 946
200 599
119 924
171 922
57 651
13 151
151 389
166 946
21 268
229 939
320 806
38 106
349 713
455 968
70 461
20 725
469 941
226 837
