100
3 8
5 6 9 4 8 2 1 7
3 1
2
3 100
2 4 8 16 32 64 128 256 512 1024 2048 4096 8192 16384 32768 65536 131072 262144 524288 1000000 1000000 1000000 1000000 1000000 1000000 1000000 1000000 1000000 1000000 1000000 1000000 1000000 1000000 1000000 1000000 1000000 1000000 1000000 1000000 1000000 1000000 1000000 1000000 1000000 1000000 1000000 1000000 1000000 1000000 1000000 1000000 1000000 1000000 1000000 1000000 1000000 1000000 1000000 1000000 1000000 1000000 1000000 1000000 1000000 1000000 1000000 1000000 1000000 1000000 1000000 1000000 1000000 1000000 1000000 1000000 1000000 1000000 1000000 1000000 1000000 1000000 1000000 1000000 1000000 1000000 1000000 1000000 1000000 1000000 1000000 1000000 1000000 1000000 1000000 1000000 1000000 1000000 1000000 1000000 1000000
3 100
1 4 4 4 4 4 4 4 4 4 4 4 4 4 4 4 4 4 4 4 4 4 4 4 4 4 4 4 4 4 4 4 4 4 4 4 4 4 4 4 4 4 4 4 4 4 4 4 4 4 4 4 4 4 4 4 4 4 4 4 4 4 4 4 4 4 4 4 4 4 4 4 4 4 4 4 4 4 4 4 4 4 4 4 4 4 4 4 4 4 4 4 4 4 4 4 4 4 4 4
1000000 1
1000000
2 20
1000000 1000000 1000000 1000000 1000000 1000000 1000000 1000000 1000000 1000000 1000000 1000000 1000000 1000000 1000000 1000000 1000000 1000000 1000000 1000000
3 5
11 20 60 22 100
2 21
1000000 1000000 1000000 1000000 1000000 1000000 1000000 1000000 1000000 1000000 1000000 1000000 1000000 1000000 1000000 1000000 1000000 1000000 1000000 1000000 1000000
2 100
1000000 1000000 1000000 1000000 1000000 1000000 1000000 1000000 1000000 1000000 1000000 1000000 1000000 1000000 1000000 1000000 1000000 1000000 1000000 1000000 1000000 1000000 1000000 1000000 1000000 1000000 1000000 1000000 1000000 1000000 1000000 1000000 1000000 1000000 1000000 1000000 1000000 1000000 1000000 1000000 1000000 1000000 1000000 1000000 1000000 1000000 1000000 1000000 1000000 1000000 1000000 1000000 1000000 1000000 1000000 1000000 1000000 1000000 1000000 1000000 1000000 1000000 1000000 1000000 1000000 1000000 1000000 1000000 1000000 1000000 1000000 1000000 1000000 1000000 1000000 1000000 1000000 1000000 1000000 1000000 1000000 1000000 1000000 1000000 1000000 1000000 1000000 1000000 1000000 1000000 1000000 1000000 1000000 1000000 1000000 1000000 1000000 1000000 1000000 1000000
3 5
27 729 9 243 81
2 19
1000000 1000000 1000000 1000000 1000000 1000000 1000000 1000000 1000000 1000000 1000000 1000000 1000000 1000000 1000000 1000000 1000000 1000000 1000000
1 100
2 2 2 2 2 2 2 2 2 2 2 2 2 2 2 2 2 2 2 2 2 2 2 2 2 2 2 2 2 2 2 2 2 2 2 2 2 2 2 2 2 2 2 2 2 2 2 2 2 2 2 2 2 2 2 2 2 2 2 2 2 2 2 2 2 2 2 2 2 2 2 2 2 2 2 2 2 2 2 2 2 2 2 2 2 2 2 2 2 2 2 2 2 2 2 2 2 2 2 2
1 100
1000000 1000000 1000000 1000000 1000000 1000000 1000000 1000000 1000000 1000000 1000000 1000000 1000000 1000000 1000000 1000000 1000000 1000000 1000000 1000000 1000000 1000000 1000000 1000000 1000000 1000000 1000000 1000000 1000000 1000000 1000000 1000000 1000000 1000000 1000000 1000000 1000000 1000000 1000000 1000000 1000000 1000000 1000000 1000000 1000000 1000000 1000000 1000000 1000000 1000000 1000000 1000000 1000000 1000000 1000000 1000000 1000000 1000000 1000000 1000000 1000000 1000000 1000000 1000000 1000000 1000000 1000000 1000000 1000000 1000000 1000000 1000000 1000000 1000000 1000000 1000000 1000000 1000000 1000000 1000000 1000000 1000000 1000000 1000000 1000000 1000000 1000000 1000000 1000000 1000000 1000000 1000000 1000000 1000000 1000000 1000000 1000000 1000000 1000000 1000000
3 4
1 6 12 49
2 6
9 64 19 16 81 80
1479 47
43206 911686 656202 15427 951496 788389 253912 922857 382881 458666 17676 266916 370861 8303 999011 558735 767577 742972 595481 736447 300302 421214 484814 18209 147678 145109 497949 471361 18338 141749 486507 348992 456786 306809 111806 32878 21714 207283 936171 420 147570 581034 57097 159207 4516 626619 887019
247041 96
33251 717694 56416 34552 575414 149968 638880 437944 675269 26420 522425 689216 135 979049 153853 594131 822599 412347 312778 2335 440002 747675 192160 63866 114 265618 135343 34195 102821 97941 2510 971653 365360 349916 513386 97677 885689 80201 605083 821531 199921 68808 35642 693470 115278 347875 28221 373 491702 33068 171698 6866 880574 1561 82899 794842 250888 764299 337123 885557 135298 53256 136704 1597 7397 80421 23745 278427 32215 264476 184431 31997 494655 422319 11655 229597 284666 132151 479609 33517 509412 1516 29761 9023 14902 583561 642795 8792 538764 936212 31462 133372 440799 676828 210184 278058
37344 55
64098 811 643695 170514 234600 939 672371 265931 154050 342685 27291 156268 63744 509338 350726 847857 930023 100157 807444 7 325768 211194 463221 217552 148689 26 181677 963101 754198 230141 482 41559 420682 839817 771429 451275 80761 83108 29290 32903 92107 6579 17401 4069 705632 323414 758163 11761 106706 142500 147125 725849 514726 140064 539196
3435 90
775496 240032 307925 258947 432 339464 34618 679673 580358 470486 91254 609849 49449 960215 752758 7833 11074 258353 29603 49 7383 41865 367058 69519 4500 539921 970448 638748 233886 211694 416008 859720 482794 176438 924071 450695 345712 429866 4005 991694 28810 95 848304 106322 846578 176432 10607 855050 19700 5968 43826 500296 45450 303120 56915 575823 795738 93797 177014 677987 852263 28012 424401 751601 425453 77298 27198 697360 720362 18693 169596 492407 321719 54414 36251 7133 41349 22206 961247 15620 4297 87097 39389 47708 101591 363826 696605 328537 819017 551098
23234 28
338874 229255 111606 195451 356379 210147 174384 884687 140435 209637 901773 257062 11821 566310 810115 707846 888607 538938 22075 852728 765040 299445 160457 179633 40993 167590 412850 853460
50376 86
11733 825773 120873 556924 88423 750455 105548 45281 345559 507158 226359 977569 757930 404230 6320 230732 91929 396001 186461 277100 11962 301635 14232 11294 549685 98995 148344 840289 807503 322196 857872 634948 682358 828871 47968 609037 62960 559264 710131 31843 768191 58 23397 889205 718238 871362 484986 949515 401595 1911 23716 470646 767491 9077 987842 2 13785 69011 961 344622 62038 745527 515 226462 917164 774708 582819 315475 145472 43084 181384 256921 75389 80630 5883 807427 947495 11034 14326 318916 872754 55692 374998 257773 4592 743269
210 32
15765 463232 1923 322425 978485 113242 655878 139265 91936 754889 2441 3073 667 11910 889483 176057 520101 13007 783568 236814 780218 164681 604762 840587 372668 14178 67794 91945 398915 471536 12682 89978
53231 91
333863 2877 206167 763383 886055 941694 39408 974631 681911 438769 13524 501569 7629 661445 312997 340444 864105 959026 158142 85264 27851 411214 7792 895809 532889 828289 333971 382157 669095 212345 164489 91078 170414 950937 761604 441488 592571 247118 466584 179921 78472 721 166811 405272 398488 936932 623937 232813 354193 631525 575608 28660 32070 192918 888666 892590 814909 929815 639189 415674 26273 9547 270732 974678 447324 155889 244100 379374 194688 35052 793246 76342 30 197205 310273 73135 329453 298582 977875 243484 112493 248819 139457 556870 68613 10618 203985 424882 391608 650519 148965
63439 52
240505 390436 26086 828379 948604 30098 412086 330647 160318 75692 60235 71708 289091 136702 71022 6373 1087 905104 550525 84473 325733 110707 785956 51995 581710 72670 59557 12452 96758 12934 66285 934070 681203 232670 366829 606855 91413 99873 728067 362372 228335 780446 414142 555752 234840 701602 10308 639532 479717 123746 123049 633957
2166 98
450810 593492 47093 566839 55842 29349 605259 143462 25441 298073 41216 503060 633141 444853 81702 12753 715782 274266 340344 194481 850030 93964 318956 1853 516029 410024 14114 728901 381334 31185 24595 600373 199461 46931 387506 868202 44243 84888 855014 218058 149254 15460 291809 591668 305063 315235 237492 15451 989712 151128 440855 989835 320 649573 154407 7233 889741 786531 875572 6069 50495 198067 771165 679907 189185 386883 168060 75725 383731 492695 857414 80918 44774 48040 172525 808406 2059 36453 516729 209613 472 590388 968986 10 34943 60829 16321 766681 63847 33412 580408 490385 12384 81261 403709 80846 91033 77076
233362 87
43929 99837 97165 59645 737119 201292 284019 345250 548314 664647 4495 811800 933466 118472 667760 41926 252009 384347 18121 781185 327914 2972 117913 448493 4751 32762 742001 43148 963768 2831 207551 159891 142423 476861 226234 593444 354565 58446 203279 255865 551361 88332 938001 23047 242714 171454 866384 196253 33136 463049 486608 7653 889443 79589 410469 845051 870271 87530 230506 52137 812091 217857 33387 963272 509376 59611 633317 175846 987673 642896 706 48588 253589 5585 266187 576176 5650 4607 33018 100 161805 391091 136271 122410 647237 5036 20583
12694 40
85 761572 1886 168494 244277 12770 222222 32016 200203 34912 558857 407209 161882 406745 149341 310885 132617 196998 681411 563897 16850 12975 673194 682106 149096 151 31070 71067 905098 914780 998562 416819 553751 9257 637420 874785 107492 769304 32879 247497
139644 90
392095 225590 600288 63446 1594 1391 896015 803702 696214 159844 386058 45427 315750 567296 495819 572401 56773 653768 459009 860738 246700 4947 68281 709455 88914 235964 744741 273537 646277 645653 4042 719908 167521 956430 31962 82 159946 319185 812423 1210 68943 287037 955869 36525 1633 457069 162954 676959 415939 963 191430 505345 1452 311374 869414 6209 975258 462573 6290 509938 446018 415177 5040 82350 475738 11792 182 703579 113719 29753 48710 126 532913 462173 35710 111452 146977 264096 474919 391162 134519 4089 713605 293687 231142 20721 104 261198 988719 54300
91835 72
255333 879027 565485 911141 100096 921042 240568 82620 129278 78605 402067 7671 643187 16749 245657 533360 101552 387939 133762 998564 627668 371298 180108 651284 16260 140540 1163 3785 125763 288723 252059 5122 376575 189136 508844 126738 458282 989821 128846 854136 5850 7299 782 33736 41211 44331 9713 10749 13 136950 980100 321359 3547 7555 1370 105704 292128 548396 467117 439235 1 356898 884712 956314 741098 128706 35360 246039 52848 770444 329062 29556
87996 28
430300 184964 525384 53091 209396 119 112730 26664 881835 5179 466770 38513 10471 266593 539957 339338 411018 73225 5409 73713 3294 121301 27819 3067 475750 559863 313268 287693
79532 87
103227 927582 250709 81247 666876 1460 75264 592838 2659 953 591574 72879 818918 131381 170907 273517 19772 11156 980517 917817 849607 288077 984063 460140 90468 73093 497693 66034 3118 213892 10915 9988 56864 295891 2882 214611 557111 969699 145077 479914 10048 88319 707828 317794 801135 697070 203782 925072 48948 99868 288229 580395 541466 984782 153813 47557 3646 303025 541698 929357 397482 988529 529097 127405 66684 169821 385362 380496 578600 322820 186978 120 90765 212939 274932 401649 595997 66273 196175 318863 539329 403294 692187 497405 4328 182 703969
218850 48
215891 514749 253651 161042 160287 821312 39134 837257 27394 216373 570583 209971 546739 452903 567955 638891 655081 61308 385142 14140 966825 274995 28108 252500 540711 4069 75507 609990 275111 408063 184326 710555 443814 232918 623523 80776 2160 271904 3891 761055 899180 282994 11218 519455 316486 6485 125618 920691
73365 69
194234 306324 592236 20035 930921 337294 394212 552377 306283 805978 917824 195835 210262 333953 244986 680561 644598 779489 111050 790839 107002 21784 67486 199176 106415 132747 355595 505330 397918 869283 62897 178226 347633 3144 13477 425529 709388 407324 24263 614821 77175 576089 327612 120011 61765 934358 240086 160666 554276 25213 114390 659927 17865 363275 631206 436552 21614 823659 771469 14574 889351 987113 846752 999317 572102 5529 100678 12928 45245
41078 96
58688 644474 397258 176096 693968 920 98604 86931 86870 208818 908626 33815 393265 649958 769909 10394 51925 652473 432426 151522 68319 875153 991570 444665 565055 74576 192971 13632 661733 424502 157314 2615 335065 230916 748272 120294 410066 536963 397342 1420 7967 49962 80405 814299 374063 3 315502 857000 90822 9790 85445 708818 65471 3657 286454 170918 33536 319620 1 551293 88933 86175 269312 367662 358192 616291 344282 8883 17229 180962 959520 135080 117360 179 16517 125031 801738 1 69417 913685 29812 794256 854124 70724 125241 38714 32523 847752 164001 347298 688249 12176 649424 599338 28516 175948
67789 91
198006 639364 193874 609576 4921 625348 597257 374151 25341 18720 81666 916333 496100 268789 80954 474283 64769 22474 852224 697549 160086 548868 61529 678120 822893 832796 403132 418166 83997 307012 796027 720988 268329 51715 563839 171292 525095 297488 66186 890530 393851 329266 80656 440024 4659 654673 22798 349329 609077 17865 38097 720824 933688 613525 695202 4534 94955 223033 295745 761104 39153 854189 1459 258661 27507 907197 726624 20847 869661 60885 992448 990363 66940 271705 385689 829639 525951 751100 32104 790780 662 829599 407576 210940 65142 52475 460317 434126 3161 55497 9
247969 40
380108 1978 109136 1699 2362 193311 68566 725762 34174 5045 653169 838474 107747 461 32927 5 278099 274951 333639 908653 269464 29299 20 44831 79542 63269 3999 373844 314036 68122 148981 157960 167197 10419 554242 659299 51678 14239 264998 188645
524 16
691325 322143 55150 15660 2731 165826 291131 36308 2179 661881 542713 582914 149640 854873 137120 97820
96525 45
355587 2411 723276 478403 286382 762614 420257 684165 973897 350977 621835 345035 4164 42915 475268 748160 7714 24366 203329 148378 581284 69851 945298 232927 671176 567734 46839 296186 10 846895 437589 271345 636757 526809 11638 902776 787888 375795 49379 1664 164001 459783 587802 762235 559150
59688 56
54194 864455 163369 29937 868444 944 19241 145038 372045 130080 5952 919748 126469 992184 1366 777062 693661 501191 503258 546296 141622 354961 974684 430331 404840 631013 834442 756082 245391 61776 592013 739760 313877 129507 444471 140397 143629 299108 624140 642395 991198 469648 39174 18156 632762 940029 873135 161709 10055 27397 460656 189997 549860 896676 382687 29987
149164 63
59464 46124 308594 135706 173687 403042 218154 162608 79673 169705 225490 680360 721710 16949 241878 814642 656898 602274 891217 85 744335 207964 652741 68389 426598 424 291363 119336 622598 128214 921951 97271 248200 8091 793114 8074 239215 652465 129493 250416 102560 914349 371817 624937 704130 502437 787315 627814 994744 643934 197793 243812 664853 26311 93724 1680 9372 180294 591305 3419 588513 5290 16325
1728 63
245977 14250 451247 1620 791424 280705 170256 327416 611969 173365 63276 150145 615583 243365 298924 416319 907562 194983 598892 656876 794378 689028 504312 233347 709436 51468 68694 395009 837259 777255 174645 16615 488316 96 982536 37290 95437 426579 614041 351075 68194 870148 108087 54463 648220 807355 224316 3543 548995 523167 141569 670134 710710 4307 128593 797319 571299 666692 695744 54113 348269 349386 627679
6746 10
220045 863400 617274 426190 214915 268004 574883 30983 304143 744081
39291 61
234153 235180 962273 843884 105074 465036 380106 47600 663789 8460 162002 393924 620295 221840 663165 943938 326252 204628 27564 367761 2812 165820 25579 356376 8507 88193 433869 849119 637934 50014 410955 352848 44455 823859 116478 304659 524457 591994 255270 578548 210649 43 2775 542968 6207 16492 99761 26263 865450 855916 77171 109805 506065 136303 649677 645060 989521 168264 15646 762841 135174
30573 47
955243 669992 564972 1281 372620 306 87160 113817 458913 33918 783438 596004 1799 108101 512668 95184 805895 908611 914663 371113 1916 201620 572226 548461 38315 48280 416312 708302 97425 284733 1373 551754 800699 285508 573033 543785 822673 623659 245053 25 711961 31468 454203 327845 43433 394091 385939
119486 79
48900 686639 512134 262080 184542 8137 181918 787898 343417 529085 944234 309316 289264 939726 569554 76291 316322 562496 640442 57422 777210 94381 411480 732806 564915 78703 3002 460893 214446 2885 93255 510600 227549 17471 403674 194343 662169 1109 54164 21406 128462 176006 69145 46157 895545 707528 197484 6620 39994 46681 138648 1117 253382 5432 429291 240116 302769 433052 630390 704259 316482 43373 331283 181374 644934 345 47412 954372 28896 619868 257185 890952 266053 40620 1762 129800 144764 886655 901886
170165 44
231998 939329 984726 173635 274932 68158 756650 999930 112685 34891 549184 40702 675231 263112 692995 341282 871667 107252 511762 552719 45965 148657 940249 790 13421 445426 35121 130125 261517 903975 779677 4217 647672 64060 279846 193295 66465 663753 10049 49065 82977 185128 778518 664591
219894 98
564568 1059 421749 787644 614898 82006 961513 102359 199088 173767 122237 482 923872 319182 936055 180756 171 523886 618223 411234 2441 12623 91735 993061 8802 15649 55 152181 914090 10049 347727 137781 108977 262930 113108 396066 834504 27351 102635 458472 766071 546753 189897 8 16313 244326 934631 129786 705708 778609 43933 831087 177453 698071 535082 4369 46721 693139 9052 668627 134453 289451 710938 306911 465490 412937 423169 28736 37329 542902 632377 333623 177178 7899 230802 35331 3004 69810 363778 498483 72405 463971 10295 864168 239640 376257 927205 186989 174268 132166 65408 633902 273031 79697 220649 19856 667 41900
47207 75
221004 367668 13629 16050 818923 832240 95671 878677 32124 338694 269707 581686 14904 402473 513658 117796 284925 171452 580312 643558 266369 627347 72264 245698 284381 717877 165552 469664 324837 777360 16069 297630 105505 943883 993769 34013 756696 867886 111212 15592 917332 942499 795769 352248 692763 57391 949873 2031 67530 265322 122397 565062 897614 470057 97240 697663 849830 196952 22757 36714 632771 464004 57840 266958 453383 974942 252973 140847 764334 617484 24274 205718 973554 503541 362157
1 33
5660 307103 8320 982037 190906 723681 836878 4303 729750 4600 25170 408681 657115 871597 247152 6507 766888 12874 7325 752944 79499 74417 871965 46419 722305 47060 1074 29914 149080 124322 96 326225 12363
59336 69
175 895807 10901 35891 368945 11973 37838 406315 613867 94376 998191 13177 192104 309263 339330 485008 275313 130116 694641 25344 530187 74586 79653 558961 437777 320253 2630 906135 23 540283 155778 503665 73732 525022 367477 449467 37436 53443 464090 18616 42925 283933 22434 755955 829846 37977 317114 800539 20641 382985 862574 4299 30472 360787 293497 59670 1603 452749 428173 284996 4249 295637 894 204193 110379 77244 10354 20385 391975
22071 69
599436 625530 387 110296 1619 305723 616990 287073 79655 578581 520058 23287 37056 277035 256478 486225 623622 650402 43110 237879 140082 747376 768876 24963 83508 5028 472510 952298 44794 257235 342698 49501 77313 52756 151954 15078 777540 58505 66549 128 825186 848974 170141 819 1634 517280 999513 180681 126933 563271 483641 595025 420283 204780 24302 492974 153238 797126 324287 308510 407373 413737 607655 963928 55820 21 790173 246845 37359
27867 30
584123 185362 158958 175329 159254 379144 802835 874495 14825 186424 120876 148321 199427 902 390379 260885 34466 733571 348780 23119 49678 112169 886273 993848 99078 877856 525576 422797 157073 240982
78250 54
640688 104415 157007 885467 329476 128705 800042 661101 203166 36213 86664 572915 238471 1 803108 228113 49716 460663 72765 8879 227319 573811 413951 768059 968794 4949 41473 7430 82182 2929 274367 573778 267660 93625 572205 395712 103118 23412 557192 127895 657216 34315 41178 101314 432484 16441 103 299335 514027 724071 285321 938118 105469 32543
109075 34
311157 39287 612067 493783 329 249512 150354 759882 468427 357531 291850 558657 31510 2157 18101 505259 484222 144363 479213 457421 306283 686266 991 701661 375940 420 766162 131590 82298 13589 12362 791025 178475 180910
146629 33
541412 597376 53310 159839 683637 263107 339765 10693 139121 984143 601345 112085 6584 563522 30717 566846 3831 75793 458622 35455 127015 675928 334108 692085 5 475400 829564 76 107511 923749 44403 511730 759138
12905 85
18751 137191 698110 273981 92925 916450 566263 832 375787 244166 802961 6851 2336 955009 53424 4822 16133 321750 355858 158483 47249 75110 175364 379217 693269 155731 145127 650991 61650 61722 6437 113520 7015 579833 47 386714 14292 616321 2085 433723 684956 279997 763763 23936 536598 939593 550 143562 1197 569538 278917 488497 81217 964755 505 37042 743088 480562 192166 982959 394635 519225 102523 918662 637028 41759 762775 1052 81396 5323 894013 57477 388169 63912 168011 408039 549188 116001 34 896269 2178 261192 291914 121139 32115
7277 71
68605 53 184919 94497 29413 331241 762685 273274 463520 10394 1882 236464 459444 762805 791026 3 3038 985744 642343 889213 641958 944738 98641 259987 841040 6955 493673 662076 294728 492203 172431 242932 548847 816174 105787 6059 283036 878634 572010 603246 294629 923749 19630 9833 479 829816 687494 9632 5527 142274 999481 195793 185963 478491 110 55880 139343 295359 236271 49143 25167 16316 51 624334 36598 979284 397880 668170 530424 18923 96664
152171 43
298857 418775 173201 172674 4222 451351 805872 716350 15329 4142 1528 111932 650908 627621 308863 540620 390955 472089 48 845259 517475 3780 545489 266828 5 23656 111031 218600 452464 210873 467104 110831 898694 661849 34995 209105 423665 9074 52764 8588 754759 485475 543233
8364 83
216580 19657 17935 10911 46194 47612 145 91212 302120 481107 703062 162697 42641 52503 51633 9828 130790 15221 504231 25039 146848 879759 984085 760709 299403 24574 2321 197727 204 144580 156942 305352 150311 322773 156 42232 197899 7515 786 870015 731217 102665 459206 7621 28918 9 37820 106352 892080 735073 914858 842199 496988 884 655355 6559 42937 768156 225905 4436 213666 98959 449872 660179 22469 618767 707400 966486 52049 130589 74234 139971 48245 525 368156 9344 595464 17800 499435 268 297542 3354 11419
17748 52
189185 771751 450097 22849 239621 72173 693451 748898 322149 588386 25419 66589 671743 36641 114197 56198 600119 908762 527464 95479 154032 24049 727772 216271 97747 32813 23657 717950 166157 335886 924320 534374 78054 790040 283426 197296 504610 87356 225331 371689 125936 19 1826 336529 526101 3051 124719 257896 226467 357550 407843 913403
100541 75
848211 576795 211591 888768 621821 372746 63277 40265 259940 886210 428682 25329 76618 59912 161406 532182 645899 63278 220952 960927 682027 11965 880786 4420 505126 306721 141086 584007 607737 262 265715 238931 323499 588410 350900 926657 17778 149 751675 87248 205096 133682 214614 286044 483705 799359 886589 998635 191967 480417 17351 81491 390 97114 385421 427121 491109 62548 44527 618667 995454 15028 113122 467231 88109 429344 52636 692719 306943 328917 63688 244390 147896 204184 166037
123633 16
28276 527520 623950 379912 119622 145383 263026 249681 617561 582829 106597 119449 880095 291544 971478 942794
129002 20
458635 685871 129650 4738 861174 691222 1 7984 380810 249549 3114 7359 181146 101408 112295 916785 453894 407440 188329 251477
11872 45
493766 7059 37721 268906 647192 163311 114999 462623 971822 1346 51358 166003 649167 177854 149980 31155 628182 638799 510711 873007 182830 373524 25343 343403 436614 197230 256745 83653 352424 250883 972286 512029 10005 66468 361182 870603 700495 426352 1036 219764 396509 36316 1099 1053 265238
23875 86
466259 368087 830832 106024 280712 261618 40522 512291 121907 7354 361881 459736 238472 74278 139111 103233 726088 206420 911335 163604 453520 590804 57183 996588 18037 68321 587789 404277 1097 70124 59823 299 474513 97360 289069 433398 276138 337607 590396 11839 202471 176873 125446 538351 91579 227158 215218 655682 67671 713647 332867 802028 518395 41362 7728 636335 27348 620099 68822 143571 477636 66602 276589 130883 252879 869246 239060 48136 333 723977 672326 771024 106458 515966 7134 528906 55797 364546 409997 4295 59067 184136 275138 355118 875997 613973
190142 31
793926 49227 126014 517015 388688 189930 673029 4932 766608 653780 82 743490 181156 35603 978 609523 308324 152983 969356 773435 450015 667595 709369 258390 846382 388 462358 143310 589656 11317 115251
38240 25
483808 740588 54935 15410 34090 3410 516023 52307 820978 199195 496 685498 514865 30866 245186 301692 681005 455271 117715 323 195988 849696 105558 868544 24578
905 86
2506 962362 4167 559877 267341 515446 7488 645796 479616 768265 468628 577482 37 115554 72954 175530 735982 329662 79819 246325 738753 889715 131284 920385 876750 499455 86450 941865 29890 313386 270637 89415 30 855371 639867 344196 741933 99921 184969 538146 48368 853354 267665 915516 149135 504 217784 748882 136806 692040 379403 170846 765682 945960 575078 94801 229144 594679 26016 1666 58596 116477 841172 29840 102219 98113 358429 619927 707044 658251 5768 741171 997930 512866 933117 192572 225293 477215 60262 2037 111773 381580 682853 99263 28314 605754
123848 82
51241 722361 56142 12873 158211 170482 27512 117456 40288 24346 343659 545973 27649 141492 726026 188090 18900 11374 103655 407606 88181 785287 552817 647204 61560 121966 63755 515418 495627 134318 226638 98833 9508 5117 721777 611 66903 56924 116944 288116 162 288059 185645 847609 604076 7696 362776 364534 691960 674941 547726 2083 609192 286823 619758 814748 47533 740471 51039 792141 8751 132498 125351 403788 110616 593134 2025 298409 232956 687328 198866 412299 762575 553074 351704 4955 433568 20618 67107 573867 884012 282762
53164 54
29375 147078 307880 540492 77712 432900 38176 921780 118945 103767 698294 499853 154582 5091 428019 6163 561714 5042 892642 482248 441235 11011 772467 566559 537571 418211 156781 29501 805169 57223 637203 933977 101 10081 148682 195585 90536 932528 351773 152112 101448 589011 486038 177736 32862 879890 11350 400559 48455 438481 422029 984348 8173 619359
133724 57
1 334289 995782 6597 423951 646810 274338 737203 2894 956285 16015 744542 349475 41146 969978 108 542 851412 929705 480681 9955 478472 905725 47448 953348 2334 9506 615035 67244 363153 450014 813521 646671 886862 960999 278608 653098 109295 389186 5715 29659 115315 542183 124268 400163 108528 756626 356323 37030 51715 183 314969 170799 2249 775780 528948 115623
223859 64
388447 858952 111409 29625 848512 204334 15863 14388 80268 516727 157086 421806 6820 337592 180145 578313 905 57797 435819 7058 5886 691309 69226 2081 54643 970492 476074 817290 117796 4384 105418 7907 31470 175732 555749 355327 156446 184467 152497 212900 107001 5622 5050 538441 86803 2811 11894 405340 136922 289838 613059 719205 86541 464337 612225 657143 264285 306954 17080 3 971642 563190 9115 118579
203800 81
297393 163439 679098 191536 254623 213301 127438 4777 207743 465419 625628 471928 422657 823106 302983 631366 369899 624406 598263 822747 796706 27576 219437 607709 269121 383786 675084 180023 3647 45223 7945 551490 621038 112139 49940 177371 364 1912 92561 454877 27668 999044 463723 614 121106 732194 708153 351134 9699 926064 561467 65414 539803 579791 57898 1424 111100 291475 427982 559975 747394 532575 93519 500014 387055 39849 820984 767085 16958 348837 579856 194615 568992 24783 49061 114818 79470 295602 144623 4857 234665
57769 94
534585 10520 422873 300608 123337 194571 268116 175897 439666 184216 969223 238076 327341 868108 476283 441128 347845 286708 126222 753580 49291 373418 289205 113612 469505 436890 157303 225264 42406 749186 673506 52009 703009 112063 105450 781970 197400 73056 314173 422965 177039 930597 254904 3485 44474 291620 929233 529116 424317 7257 162650 533298 471139 181360 912596 632635 892879 574222 102726 30669 328539 737490 802453 830122 682201 125705 97283 90306 311174 13232 376980 614511 494746 397835 762930 716639 4389 461138 1 22574 636552 81568 90979 429450 905132 391484 2862 206631 22548 216535 71666 13395 403365 6284
474 53
384725 789643 447552 46881 17322 201112 156921 751488 254729 485462 875155 451958 18519 886637 194245 578919 670430 299662 895761 405710 994069 54598 13840 572059 287140 121854 352390 673691 659246 917884 13110 529089 97518 190612 30 625332 10077 314809 818411 324281 10460 68119 644805 279164 18620 336278 283312 267517 596414 478897 247496 28814 175051
9 64
17623 62147 262680 120364 840643 800910 353895 57912 21129 48736 10865 538176 229789 592613 993542 156779 443213 203760 197237 114 471581 123222 363509 282206 133306 147 589753 343470 253198 152564 56930 793186 59 106049 423 264644 40904 270854 333793 1735 69582 588783 639966 215268 158559 4059 131866 181720 731200 123044 42931 900871 832984 225912 353434 37977 424516 8025 113660 392087 148985 153831 88162 226190
5987 19
793817 857041 339339 848277 128581 40560 44060 38447 32218 106900 272912 5685 698458 42909 58365 496 887225 271175 30766
38195 91
784706 645101 314314 110030 354770 578215 915401 14 596209 212 119032 987632 827464 4110 852908 284586 878337 135341 468382 876072 296032 667467 373811 459812 753030 308226 402451 254736 390154 554146 287643 430224 49873 4784 308254 340151 287573 620572 428922 453127 6327 663821 93370 165315 54613 54105 700847 680020 422045 155347 941 4336 722206 205011 882881 5126 404215 634306 331372 739 39102 167538 129 405503 618131 357481 99715 194275 880827 24515 498209 33997 99804 116294 34565 43268 752224 522586 845549 190800 184936 3308 8355 30 519301 541530 250425 534927 945040 191804 389921
2682 58
37545 844221 27633 863334 307200 2992 7226 12564 63565 692660 68471 459791 616819 28028 66694 133900 23173 254517 68450 408532 119325 223136 401300 985260 482742 528053 366771 495884 644759 276222 9017 25528 868547 48694 264208 692175 45751 414482 263 3646 320702 207691 864639 172126 164973 935641 792631 19322 55880 406984 531712 109978 576446 279141 266217 938962 16314 330601
44034 15
114087 175163 34408 116431 467890 369397 74575 132100 13194 93369 96204 268127 431007 354054 389567
75792 44
299598 52359 15343 155363 534659 14721 348423 308617 193548 542419 148484 356719 742116 136965 68305 148013 32781 120262 88069 367537 269868 320093 246855 2008 7585 40429 399509 293493 656035 154969 5237 322816 29 35242 634619 413728 261 48785 39938 523684 351079 657 108356 998682
21553 79
932937 53197 546142 519573 414497 194686 287323 479629 248897 243721 151888 787246 6938 33419 631285 508613 198660 54 78141 12376 56297 35930 328153 312831 450534 693 836598 18276 325918 373693 5771 87767 409771 293553 109141 870470 4674 119004 107594 267406 568687 398023 360496 432290 256646 161549 352203 654769 16995 67682 122952 434178 97317 3495 918493 8 235645 321784 342963 137850 715366 22399 794046 918487 978981 273117 12102 475221 883734 41975 371416 107457 127836 140508 761236 21384 85833 376012 74407
193990 89
307740 42149 293377 3042 175736 124329 106614 184375 16998 924953 520224 2670 99739 93962 75310 244810 253847 765866 268553 245738 953195 427 29597 2315 5014 170733 5534 136964 274862 383307 881983 566350 436327 20862 186048 754628 624583 257857 948000 149075 1762 110630 5963 464285 953082 239991 60380 703224 4126 42246 838494 264007 329965 119052 14199 117572 93560 35245 465165 588178 26172 240299 432764 907987 96708 518196 28268 594688 220496 459938 675187 119219 436011 431414 497003 401046 214631 480556 122543 463854 116385 46046 23076 556786 879956 7048 37881 857110 52418
1420 56
251575 46061 93560 69935 888644 151629 215245 850419 324416 133736 636029 1709 550660 449472 301019 938056 810914 254696 699887 264 336653 698295 137525 222941 901227 122422 602807 362309 208474 966339 713051 867946 60632 429545 306459 281195 808107 658503 9129 546171 130045 836131 294629 253591 33928 35877 220349 381261 372925 5722 595276 43686 166514 15146 347153 177085
170014 10
5363 535465 73752 150634 707503 549922 153520 113381 49705 837141
244670 59
722597 201384 213928 868389 469934 1 316831 13714 871284 571663 174379 583203 980505 42475 67884 333008 70183 885143 739610 869950 342027 208743 963813 348 73481 290484 439017 106410 54290 446555 769 251745 336075 110649 293332 207712 159437 423181 176348 658002 865405 156123 459750 33737 553365 488874 79879 300286 71990 6812 409093 139667 592048 11050 5858 196690 516025 169865 92984
70346 54
234542 184043 791078 2952 458735 722255 927938 883334 323377 438867 950382 540407 111568 18729 76406 158960 978951 225549 338443 495998 130521 119467 439550 438280 239719 135363 247563 112369 29479 764695 55879 150745 611059 933207 99280 295029 389927 794966 212068 612501 423915 349979 15591 30564 113204 296398 127218 953222 488686 22118 672132 580554 23853 206409
203180 64
299732 956614 269326 218566 345642 11503 197029 375445 611721 78462 114823 155864 641445 10151 173672 112157 49310 145880 59626 62649 547827 356167 198452 129608 682709 32663 600348 362978 442465 368124 550 963460 154947 603472 896315 139638 861621 701610 407236 960351 68662 67734 33708 3368 13269 959999 191272 11641 79657 237213 744 58498 535565 249018 143133 705384 128147 45382 344891 665353 118667 832727 94547 15747
222000 85
810877 59310 37280 242801 83062 18613 597162 27164 973444 559117 200951 147848 340294 581701 538168 346649 914836 86905 533940 78643 194648 81916 886713 3707 268665 173531 437828 109890 337452 7 340738 408623 3346 12364 237341 15652 367657 474797 23260 127636 586962 1906 56717 38051 754931 618887 42621 434854 300299 977074 319281 445588 557499 149602 276381 937472 273931 40946 245441 870113 78083 6502 222742 3345 57069 75304 338145 756175 196194 113777 202159 988810 331172 145403 912252 328376 336240 204065 507510 5959 553454 467 695114 190413 14040
55475 79
515414 122656 256507 97 144945 466746 198815 267794 45833 42717 17776 987644 103935 762684 480994 164094 374864 51907 218432 163152 31403 247963 438107 839899 46710 260180 285802 57636 444475 56436 184702 9913 37 199137 472290 848128 278 22315 531204 581788 585817 526350 14724 200778 2667 74569 652584 26755 432505 688872 603424 153800 227239 137498 245073 129399 436457 266745 32396 10751 89 27688 129147 839390 755195 372169 55797 123266 80400 136415 279908 190710 376345 561842 30957 134829 766968 896451 449003
70589 64
230634 592109 250903 21 130893 781204 742822 45485 922438 273725 441412 29253 180687 257825 125420 153 497083 1289 34962 4313 182871 23428 79254 20958 962984 148 66625 269636 114894 4879 178121 498964 183404 866911 998419 118333 739 8058 469129 329249 796956 427917 1475 39688 33569 547796 63943 104932 372680 73900 214514 21279 183838 872080 7924 727520 965021 813011 572896 20189 36201 64850 240465 7469
239 55
836186 524597 319353 689 218083 923314 131381 101138 48169 6068 531024 355846 939755 615660 137095 762055 996204 102443 347198 585459 216627 431752 129265 30103 286048 119040 595662 451511 95440 833057 175001 16620 758368 583221 70301 401957 307885 1017 726933 386577 87144 258972 638848 316552 398429 76505 1597 254877 59274 180279 164166 570606 657395 647064 4
227346 89
65018 809189 144651 1504 362651 42157 901855 81375 204297 704409 307536 151005 391502 944485 18241 628179 214773 378217 726023 278404 46977 316744 464889 310766 660282 291713 976194 16792 262476 717697 52912 570627 528277 24878 163626 115374 700063 473468 478190 947720 931205 373304 10228 181402 17495 510732 890900 823912 2006 316749 628848 338 625320 43669 529084 16256 797768 431636 599836 142535 886132 917906 326721 273706 2339 550919 146643 783253 100192 33077 74204 5783 141023 31767 524940 35326 35312 581767 30700 1145 248480 25276 791318 74942 57949 966494 489995 173636 568227
54049 78
14039 809074 3667 195112 609710 801868 48522 589579 108056 829999 10314 34330 2290 697795 312996 426356 833626 906609 55131 117624 535847 274284 677619 232405 46608 82160 60934 62900 726192 339050 302421 10519 587705 559257 251785 66585 326959 193956 53988 6618 33865 107383 517071 3460 488232 80070 939088 136556 8453 306706 299095 255678 352278 17127 749907 23380 866058 2317 676519 177295 396260 188020 347304 670228 749259 775305 234590 249403 34511 981275 163245 8709 286747 732542 350542 1420 333507 413107
133071 40
328328 8592 5631 141709 476348 195180 69248 1456 124240 940952 950004 260907 325681 139077 12870 17500 27656 16494 85352 92946 919847 767 729398 445574 28607 20248 143080 82815 14812 181861 7350 994856 355601 4082 345829 100092 1484 1110 292445 32287
91220 98
625192 796820 607438 333411 149242 2995 155366 930357 87679 285324 37053 207809 217301 260526 316469 80938 107457 989437 584561 210322 10546 57755 127266 348448 692059 484404 515418 794790 103268 221702 673491 16582 455167 328070 340169 161039 604352 660350 374627 5453 249396 194055 531447 546238 14794 338033 710210 941029 450766 707035 366754 435864 576826 393419 18859 3024 2993 550743 393952 12180 378219 526802 314784 661933 41895 757772 309573 95298 187967 54254 109822 112448 998765 810148 946106 185527 196613 769177 12618 505856 75499 459669 437746 989647 847263 676241 225692 24604 568798 335234 531501 17884 321147 265950 381351 859219 425612 1061
46663 79
8186 262651 984043 106537 141227 823980 190640 38377 32839 112606 917406 26 289997 431972 12520 505300 430169 152560 131958 111562 55764 474427 725950 929987 111932 467710 196979 162687 537437 711584 364694 431580 142900 580581 132324 60414 89466 62457 90191 409829 35169 97027 60921 1592 80869 48955 801138 81547 292143 25621 576558 444197 788466 391372 11933 278254 79668 556509 541802 726077 12858 356379 13943 107115 839006 987 505228 23081 51337 666348 45176 30609 741370 74418 227027 626255 446159 40791 678709
22294 18
68815 32311 260676 592026 112572 482197 476503 146491 25437 638836 285419 695818 531305 193187 145867 531226 236735 340610
81603 57
292356 685642 217947 679644 73472 585477 25108 265734 51270 357929 16244 9122 255818 1211 141132 172324 524783 27587 179212 176705 253610 9868 963803 294980 263174 2954 528357 138066 51856 711566 89102 45811 273656 183250 927855 62310 182089 484145 33292 557757 134583 975128 886407 753385 223883 628745 466177 95120 156685 98770 15746 149812 593255 287868 607138 143268 531952
57643 66
913007 272937 373192 119636 57519 912526 36918 970881 494759 141 543570 44025 708319 85027 804863 19931 212775 61598 71822 125742 237888 922549 497294 381383 928573 672893 273281 71608 102654 265004 3646 36941 374139 147618 148294 114285 362917 8104 46336 3236 924209 552637 31409 61962 3583 454101 840466 372598 241143 213750 149322 254815 529975 289226 409259 832148 229645 140249 819635 205404 58522 18103 973626 1181 352898 719956
