100
3 8
5 6 9 4 8 2 1 7
3 1
2
3 10
2 4 8 16 32 64 100 100 100 100
3 10
1 4 4 4 4 4 4 4 4 4
100 1
100
3 5
11 20 60 22 100
2 10
100 100 100 100 100 100 100 100 100 100
3 5
100 100 100 100 100
3 4
1 6 12 49
2 6
9 64 19 16 81 80
1 10
100 100 100 100 100 100 100 100 100 100
1 10
1 1 1 1 1 1 1 1 1 1
13 5
76 46 23 1 56
22 6
4 22 1 36 96 37
1 4
68 9 52 20
6 8
90 6 5 27 33 1 1 27
18 4
68 35 3 41
15 6
54 77 65 20 93 74
9 5
1 12 11 70 2
11 2
26 28
24 2
80 5
22 7
1 78 36 47 39 96 28
7 6
86 74 2 38 88 48
18 6
62 24 98 10 38 1
24 3
25 14 17
4 6
86 85 3 88 4 26
20 9
8 13 48 1 86 9 16 6 17
24 8
50 13 13 1 1 5 29 7
24 8
14 52 1 59 32 78 61 88
14 7
16 28 4 61 1 62 23
9 6
1 76 2 1 6 15
1 4
22 74 57 94
10 7
2 59 44 18 61 5 68
1 2
73 10
1 4
31 86 15 32
20 7
15 19 60 15 14 37 27
7 7
10 28 1 1 32 11 7
2 9
71 33 1 61 23 59 91 4 30
18 1
1
11 2
2 3
25 4
15 42 7 38
19 7
1 14 31 10 13 33 3
1 5
88 30 9 28 5
6 9
57 1 5 1 5 7 38 4 65
8 1
23
22 4
18 15 73 13
12 4
21 3 35 33
20 4
3 13 15 31
1 2
1 77
6 3
3 25 16
13 8
1 97 23 37 1 54 43 1
16 4
18 3 89 23
1 8
7 1 13 69 2 55 46 14
3 4
14 2 21 4
23 3
42 53 84
6 5
43 14 59 42 16
3 4
25 1 3 1
2 6
2 27 17 6 97 44
1 4
42 12 34 13
1 9
3 78 63 1 39 44 22 31 54
2 8
10 26 11 4 95 39 47 73
18 9
38 3 1 71 11 27 1 85 1
21 8
7 12 99 28 18 71 1 6
1 9
46 22 72 11 64 2 38 94 12
5 3
53 11 26
1 4
86 5 78 1
5 6
48 1 5 5 9 60
11 3
54 66 28
1 3
31 37 88
20 3
97 53 94
5 1
75
24 7
1 25 28 39 5 53 40
17 9
74 23 15 12 3 2 12 47 49
24 3
4 6 1
10 3
4 57 20
3 8
39 67 7 6 62 68 7 67
17 9
74 97 58 29 6 24 2 64 72
1 1
8
4 4
31 1 70 44
3 6
16 32 42 57 1 31
7 9
75 6 2 45 67 4 14 91 85
1 8
32 12 2 4 17 9 18 23
1 3
15 69 14
16 4
56 2 75 67
20 7
34 21 11 55 2 16 1
1 4
39 40 24 15
1 6
12 18 65 11 33 83
25 4
61 30 60 94
9 1
5
2 1
77
1 6
46 15 13 43 14 22
15 5
4 2 26 71 24
22 6
77 54 1 34 80 60
14 5
10 2 25 13 86
9 1
75
5 7
2 16 13 9 41 3 5
6 4
83 19 6 49
2 2
1 32
2 7
14 14 39 54 4 3 19
21 3
7 80 65
