100
8272 4 60755
8108 4 88275
98 18 43555
5640 52 79122
314 17 8959
2060 96 94497
9709 76 65271
9715 81 73516
7383 99 44507
1697 86 86252
9927 57 82185
2943 30 78108
6282 70 26621
9113 49 93849
2698 76 63899
3020 45 45812
8729 48 64062
333 77 64747
6174 5 79189
9926 86 8326
363 10 14648
8440 99 64894
8904 100 15332
8196 6 75288
5322 76 12989
2484 43 73296
510 5 95606
2071 7 80578
5854 39 8143
4560 62 63657
7179 47 60146
3596 89 59042
7053 74 75556
1708 92 31602
2186 68 93832
3939 81 76605
7167 14 95970
9028 54 8774
7238 85 16613
5313 27 82151
4835 26 42186
483 21 87231
778 57 6138
5259 78 79628
5658 36 43411
7635 74 62359
9151 95 41305
8686 84 42720
4458 61 93399
7967 50 43412
3456 97 58568
2676 93 5362
7355 63 64769
7090 29 53197
9216 25 52875
4671 16 58179
2884 18 48490
9754 6 51960
457 39 36759
292 5 50895
4725 52 26244
7497 17 71302
5364 43 57845
156 42 87768
1710 55 34531
3127 19 34832
2655 65 14985
8741 2 60589
4246 11 48312
8737 35 16079
2877 73 11678
2096 98 7999
7063 55 1870
5041 75 66457
4982 31 94636
8660 32 37698
6044 34 54375
3570 82 37471
468 95 5118
302 7 78736
8546 75 34267
8791 23 35443
1509 10 9396
6244 13 27748
8731 3 34587
1332 15 99720
6133 20 88423
8344 81 99464
9575 72 15555
8931 3 47047
6222 3 92932
7081 27 35003
1937 49 30608
4782 34 82891
889 65 86194
1061 7 52375
833 79 2490
5871 59 59870
315 35 61527
5930 47 70330
