100
381 589
833 976
1 5
7 109
4 484
9 121
1 742
10 120
9 537
685 687
3 10
122 483
3 4
179 716
1 221
286 952
484 742
1 1
65 121
1 121
120 584
120 484
7 122
483 742
122 1000
4 65
1 584
1 4
1 65
1 6
511 738
716 988
3 302
29 793
484 584
385 614
120 485
59 502
100 1000
374 529
384 742
167 793
3 484
64 912
3 109
1 9
384 484
303 742
84 982
65 584
1 122
484 485
484 484
945 976
8 121
65 122
21 121
562 562
7 10
7 484
364 601
8 122
251 554
1 101
4 221
65 485
21 742
3 221
1 10
660 667
558 809
483 485
223 645
3 9
21 484
30 97
1 484
433 653
483 484
384 584
121 742
581 953
7 121
9 484
198 842
121 484
1 2
4 10
1 485
1 104
21 221
121 122
3 584
120 742
303 485
8 9
813 996
1 1000
3 5
9 122
