1000
91 5 25
97 37 34
52 20 71
51 34 61
37 3 58
81 64 70
87 15 84
59 89 41
4 95 82
86 82 81
67 48 15
20 39 43
79 37 2
16 79 40
3 75 98
7 55 65
100 64 45
100 84 31
35 35 60
53 97 9
31 10 68
57 75 37
78 28 15
81 79 13
23 79 47
7 84 22
1 42 57
47 53 21
27 65 77
32 81 7
40 58 61
44 7 12
79 6 30
11 45 87
37 62 67
75 69 6
91 22 82
2 36 39
51 72 5
53 92 12
44 5 97
48 59 23
25 43 87
100 1 1
23 1 19
35 99 22
30 86 56
80 15 95
7 68 97
98 83 39
94 75 65
83 77 15
56 83 72
36 17 39
13 17 1
68 31 60
81 3 94
66 25 14
100 27 67
44 4 23
100 23 20
90 69 64
36 67 58
17 24 45
29 23 13
17 36 76
95 85 81
56 80 4
50 95 41
48 21 33
34 72 48
44 60 67
76 77 73
98 69 74
77 31 9
74 86 76
99 26 64
89 48 39
72 84 72
28 16 5
43 41 16
89 99 82
45 61 96
11 72 92
30 25 5
18 75 8
6 53 79
16 53 10
8 13 21
19 32 69
30 61 23
91 2 12
4 99 54
32 94 82
61 9 64
21 57 20
51 61 55
16 10 4
27 56 28
18 13 17
38 91 22
52 71 98
65 42 19
39 72 57
50 96 59
25 2 9
7 72 10
29 25 59
10 5 43
43 30 26
28 53 36
98 6 75
98 4 46
82 45 77
26 2 42
32 14 83
92 55 47
77 91 2
37 33 85
17 63 22
6 10 20
66 15 25
20 56 46
8 59 6
16 66 96
13 28 46
84 79 48
51 46 69
64 85 30
13 46 10
22 89 58
30 65 81
13 94 70
84 90 1
12 25 45
4 42 74
31 9 89
17 79 13
75 97 39
59 8 29
6 90 18
75 18 61
23 17 75
98 85 38
13 99 9
10 36 76
35 62 33
4 47 5
22 88 73
6 68 91
51 9 46
65 77 35
31 83 25
55 94 1
98 29 77
92 100 81
45 12 15
37 65 24
57 38 52
62 59 95
29 90 66
6 27 73
71 28 4
37 33 18
2 76 15
25 12 74
32 67 10
13 68 39
15 81 30
68 47 78
69 26 21
15 70 53
6 23 99
67 58 20
35 9 73
82 19 81
69 3 81
88 7 40
71 76 48
93 54 6
65 18 82
55 98 32
90 98 72
81 16 88
35 16 42
4 25 17
16 48 34
97 58 73
93 85 66
95 95 17
1 55 20
69 62 92
95 52 21
74 76 22
15 48 19
53 66 72
54 31 99
45 83 96
19 57 99
21 66 14
54 8 62
29 16 45
28 43 83
14 81 78
79 13 6
81 38 43
14 36 81
23 76 96
9 72 95
70 15 34
19 38 41
5 77 17
67 68 52
13 42 34
4 64 27
44 26 6
55 55 17
8 7 32
60 57 42
3 38 18
55 82 21
26 92 27
52 79 8
35 64 17
23 89 93
48 19 14
13 62 69
22 4 96
72 45 65
60 34 72
0 20 25
28 13 37
10 72 100
10 55 4
81 53 85
21 99 3
69 25 52
97 40 88
83 98 82
95 22 15
83 62 4
63 43 23
61 55 7
29 94 95
26 57 61
33 61 4
31 90 6
34 98 65
28 62 38
86 7 52
41 35 64
75 33 74
56 48 75
47 85 3
75 40 70
96 67 6
51 52 94
57 48 78
76 5 76
14 58 26
99 99 99
7 56 41
76 45 72
31 30 58
14 19 22
78 92 39
77 65 16
49 48 55
55 99 81
53 80 34
32 43 54
58 58 81
38 86 11
35 55 63
2 9 3
35 29 87
32 74 85
93 28 75
31 9 91
38 100 15
100 66 13
26 63 84
23 34 79
11 73 54
69 96 28
36 41 40
76 82 99
31 80 31
100 89 96
91 77 63
43 54 4
25 43 2
45 24 7
17 73 94
7 52 33
86 92 88
81 13 32
32 77 66
42 7 15
33 20 79
93 61 47
65 46 89
55 3 20
55 84 13
80 80 99
7 78 53
19 8 1
39 94 64
25 40 82
7 55 85
85 33 65
47 52 75
62 48 83
54 47 14
3 66 73
45 39 23
27 5 38
63 4 15
84 98 55
68 85 59
47 74 14
44 52 32
72 73 82
36 64 15
67 94 53
31 37 19
78 12 26
31 32 20
75 93 5
66 16 67
55 36 81
45 94 28
19 77 72
77 67 94
16 97 9
74 29 63
99 62 71
17 52 13
12 98 95
70 29 55
76 27 10
4 84 60
8 34 45
80 60 28
52 68 11
85 85 71
8 61 41
95 53 33
88 56 9
81 4 75
15 87 67
86 41 9
50 91 58
18 18 95
66 92 12
55 47 53
20 2 14
77 41 62
18 66 28
51 32 31
1 74 53
99 3 95
13 15 75
22 42 25
98 13 29
98 23 27
36 69 53
10 28 72
67 45 63
77 46 25
96 100 18
94 73 33
99 61 22
34 5 87
3 89 85
15 29 66
57 61 15
57 85 91
34 78 21
86 33 83
62 57 13
4 90 64
90 14 81
10 67 92
39 62 19
93 81 97
14 30 25
67 95 83
93 91 57
39 12 84
24 57 38
84 40 70
76 85 40
97 87 65
17 89 70
4 99 34
87 40 57
96 55 72
83 39 80
69 44 38
93 62 88
69 82 83
58 16 65
66 19 66
73 29 39
63 73 6
51 22 21
2 98 62
70 35 40
77 76 20
21 6 39
27 6 1
77 83 32
47 71 80
1 13 64
79 4 33
94 41 86
55 83 24
5 66 37
62 17 79
85 16 71
98 22 42
83 53 23
54 93 10
96 46 9
3 22 39
68 13 87
11 83 30
57 26 71
94 53 82
83 25 47
93 26 48
30 5 25
47 25 9
73 81 29
43 44 59
43 89 76
79 12 10
14 98 61
24 60 67
72 9 77
96 31 25
1 73 59
66 75 25
77 89 75
98 87 25
11 30 40
0 71 40
95 11 94
75 76 37
40 31 94
49 37 81
92 33 47
78 53 78
0 20 21
4 57 29
52 91 16
19 78 93
28 74 83
38 10 22
61 95 87
77 83 58
60 5 38
87 5 14
5 95 26
80 66 44
13 47 81
33 18 17
80 33 25
77 61 9
13 64 42
17 46 54
41 97 68
0 53 42
25 47 39
66 96 69
2 94 46
84 18 41
50 45 96
12 7 78
20 46 39
16 74 2
67 14 93
82 20 52
78 84 95
46 100 80
16 66 92
59 30 79
83 15 78
37 59 59
46 54 18
24 24 77
46 26 68
28 44 77
5 42 25
47 68 48
73 4 82
13 62 100
80 5 56
60 81 83
72 69 8
84 98 25
76 21 60
53 46 81
47 88 38
80 22 42
27 23 13
33 24 78
71 87 7
0 92 67
93 68 55
64 25 83
70 57 74
62 67 78
54 84 33
100 54 94
88 58 41
79 74 13
71 81 41
49 18 95
36 98 27
51 7 31
86 25 64
52 36 12
33 6 28
64 81 11
37 17 62
8 2 87
12 39 71
40 47 81
38 4 40
29 75 87
16 88 96
68 88 5
57 92 78
20 28 98
5 34 58
42 4 54
68 88 23
16 86 46
75 36 52
100 84 72
35 57 4
100 61 33
27 39 58
25 24 95
22 2 57
6 57 10
79 69 11
100 47 93
91 61 19
7 83 47
55 94 47
47 88 70
48 100 27
51 37 95
81 40 43
89 80 24
77 89 85
7 79 5
50 27 13
52 27 3
32 96 39
97 70 4
37 87 64
58 85 42
31 20 6
37 21 1
0 57 27
70 35 42
59 60 85
20 41 6
64 76 28
28 12 87
38 15 17
51 76 26
7 38 80
89 48 41
25 93 2
59 22 76
23 36 86
67 83 21
22 95 30
18 56 55
3 96 47
38 20 36
6 74 32
39 43 22
77 28 9
59 43 87
0 99 43
8 100 13
0 30 70
100 60 84
85 93 63
23 58 58
12 9 17
27 23 72
91 63 85
82 47 46
91 2 11
21 26 87
16 46 80
93 62 100
61 30 32
69 74 98
97 14 17
54 73 68
100 6 94
45 39 5
81 38 96
68 76 65
22 84 76
5 100 52
84 70 75
100 17 30
56 30 6
48 16 37
10 34 81
96 95 29
94 29 61
21 60 67
17 32 44
19 23 85
10 33 33
68 82 88
4 62 87
67 53 15
63 93 100
63 5 13
64 70 73
100 6 31
34 66 96
33 12 86
43 97 35
58 12 24
41 87 80
35 8 16
73 43 35
12 72 15
91 2 82
18 75 3
63 42 23
19 7 99
46 60 87
21 81 30
8 61 3
57 64 92
43 58 83
22 75 38
61 11 61
47 12 95
22 54 16
56 65 95
53 76 77
87 57 12
79 87 63
79 8 72
34 26 6
73 7 6
20 14 88
53 100 79
28 58 46
25 17 18
33 58 9
96 80 66
34 74 94
24 64 84
84 38 75
25 25 97
79 31 94
70 70 72
100 9 27
45 62 57
74 32 16
37 56 98
78 28 94
51 57 31
71 52 15
54 70 59
50 69 97
73 44 1
34 16 89
8 58 1
13 78 5
62 24 38
12 88 91
87 28 17
61 88 67
70 44 46
53 61 85
39 62 18
84 24 17
71 75 75
90 69 60
47 2 34
65 19 26
13 55 55
61 38 36
16 5 23
86 15 32
94 6 97
79 88 11
17 6 40
73 66 59
41 31 52
34 44 91
0 54 4
0 65 91
53 70 66
2 48 25
51 65 58
34 9 32
87 78 17
100 28 10
87 37 39
43 82 22
85 55 91
91 54 60
54 13 86
7 29 92
87 21 91
91 96 80
32 10 75
16 15 64
48 48 69
98 55 70
90 37 82
49 86 5
7 52 70
100 89 76
52 79 95
20 60 5
10 87 38
2 47 93
97 40 45
42 93 63
1 22 6
61 6 25
24 8 15
47 27 41
84 1 80
57 10 21
50 58 100
36 87 6
79 100 64
14 63 94
42 91 58
29 71 99
76 87 22
19 13 36
72 96 80
93 92 92
29 37 5
77 75 10
5 36 8
86 67 92
12 72 83
60 2 68
82 93 96
30 60 84
32 47 87
81 8 37
19 87 86
83 88 33
11 60 98
67 60 11
23 100 5
57 87 8
24 26 19
52 68 7
84 58 56
9 76 39
73 91 41
23 7 39
45 3 87
85 70 9
16 93 89
2 32 95
76 10 62
100 33 89
43 9 84
52 60 75
22 15 99
60 86 100
28 100 1
100 31 47
79 48 76
38 18 74
71 59 9
91 65 22
29 42 62
100 74 54
36 4 21
73 79 96
61 89 91
52 29 5
88 93 40
100 76 79
72 36 27
56 44 57
36 60 91
46 38 10
20 94 40
58 36 22
84 26 67
62 18 5
66 69 9
81 30 41
43 72 63
38 87 35
85 73 70
65 69 32
16 43 68
59 78 24
45 58 69
20 62 88
52 96 17
87 81 48
20 73 83
34 10 100
8 44 91
58 91 89
87 20 40
90 47 68
42 33 8
79 91 11
72 83 63
4 1 83
35 55 45
3 31 48
80 32 67
77 46 98
8 87 8
16 58 42
2 72 59
54 6 54
48 64 69
61 18 70
45 24 72
34 67 6
65 70 12
30 64 56
65 39 45
77 21 90
39 85 37
70 25 2
16 96 54
73 41 26
41 67 73
19 80 12
2 77 57
10 38 38
13 21 19
56 43 8
7 62 58
97 61 94
48 62 3
25 69 7
5 85 97
61 85 22
95 23 15
63 97 5
48 46 58
20 46 63
77 88 1
21 52 78
78 3 72
71 75 25
75 46 17
80 53 38
25 23 43
41 85 37
53 28 74
93 40 71
46 25 23
85 2 99
34 29 29
15 90 92
20 60 75
79 20 6
89 21 73
94 54 91
63 74 95
41 97 37
5 77 3
33 84 61
100 87 47
83 41 63
37 73 10
42 35 78
96 74 56
42 33 100
48 77 79
54 28 35
5 98 52
97 7 12
55 71 46
97 69 86
100 35 40
46 74 16
51 66 33
38 55 3
53 3 4
60 24 94
4 86 31
49 97 30
9 78 90
77 75 53
61 11 97
11 5 82
59 72 79
99 41 62
39 68 89
83 12 56
100 89 79
43 81 99
46 71 15
35 97 48
27 97 67
81 58 33
22 14 70
75 55 81
16 20 13
31 43 35
33 70 76
97 44 64
100 91 42
53 77 48
67 67 62
54 72 3
26 91 40
82 94 57
62 17 11
79 67 41
0 10 42
55 2 71
85 9 98
8 64 34
98 85 64
53 48 15
98 31 67
40 29 19
27 63 72
42 13 34
9 70 2
68 45 5
74 86 67
93 37 34
27 81 7
19 59 93
36 65 62
17 75 28
91 35 47
97 44 60
99 10 38
12 55 55
67 54 42
91 25 16
99 77 4
72 53 57
96 23 25
84 75 56
13 9 61
32 27 27
67 19 16
95 21 59
41 54 55
68 23 60
4 78 15
98 39 27
78 71 68
40 32 40
53 6 61
66 22 24
37 54 52
24 89 95
28 1 34
38 36 53
11 99 88
95 33 26
67 77 35
55 4 97
47 92 81
36 42 44
50 66 61
56 82 23
67 43 16
66 89 30
62 46 8
2 96 76
68 63 40
0 55 55
41 85 26
48 39 20
53 22 1
46 59 25
98 57 37
91 77 4
25 55 35
