100
1 2
00
01
10 10
0001011111 0111011100 1111110111 1010011000 0011100100 0100001100 0100100011 1100010001 1010100011 1001101010
1101100101 1111011110 0101010000 1000110110 0011001101 0000101011 0110100010 1000011001 0110011001 1011100110
2 10
0000001110 1101101100
0010010111 1111110101
10 10
1110010100 1001110110 0011100001 0100110010 1011101011 1111001011 0010010100 1000001000 0101111101 0100001111
0100111110 1011011010 1010101000 0111011101 0001000001 0000011110 0110100011 1011100111 1100110100 1101000001
9 8
00001111 00100000 10000001 00100010 00010001 00011110 00001011 00000100 11110000
01011010 00010001 10110000 00010010 01010010 11010100 01010000 00110011 01011001
7 5
01110 10100 01101 01111 00001 11010 11110
11010 00101 01001 01010 01011 11110 10000
10 10
0010110011 1100000110 1001011011 1001100110 1110111010 0011100101 0100001100 1111101001 0101011000 0010010101
0010111011 0011101101 1111100001 1001010011 0100000100 1110110010 0010011101 1100001110 1001101110 0101010000
10 10
0001111101 1100110010 1111001111 0000011111 0111000001 1111101100 0100101100 1011010010 1010110000 0000000011
0110000110 0001011000 1110001000 1010010101 1110101011 0001000100 0000111010 0101101011 1101110101 1011110111
9 10
0000100011 0010101101 0110101111 0000001111 0110110111 0111100100 1100111100 1100111110 0110110010
1111100100 1110110111 1000100011 1010101101 1000001111 1110101111 1110110010 0100111100 0100111110
5 10
1011001111 0101000110 1110100100 0010100001 0011111010
1011011111 0101010110 1110110100 0011101010 0010110001
1 10
1101101100
0000000011
10 10
1111001001 1111101101 0010010110 0000011101 0000111010 1001100100 1110110011 1111010001 0101001110 0000100010
1010101111 1010110111 1000011011 1111000011 0101011100 1010010000 0100111110 0101000100 0011101001 0101100000
2 6
010111 000011
011010 001110
3 5
11011 10111 00110
10010 10000 10100
8 7
0000011 0100101 0010101 1101100 1011001 1010010 0100010 1100001
1011111 0100100 1101010 0100011 1100111 0010011 1010100 0000101
2 10
0010001100 1000110011
1101110011 0111001100
2 6
001101 011100
010100 000101
6 8
10100111 01011011 11111111 01001100 11001000 11011100
00010011 10000000 00000100 10010100 11101111 10110111
1 4
1110
1001
10 10
1000111001 0111110100 1101000111 0111011110 0000001111 0000111000 1111000010 0010000000 1100110101 1011101011
1100001010 1011110001 0100111100 0000010101 1001111110 1011000110 0011000111 0111001011 0110111001 1100100000
10 10
1111100000 0001010111 1010101111 1100111111 1011001100 0011000000 1101010011 0100111111 0100111000 0010000000
0100100111 0000001011 1111111000 0001101000 1001000111 1111111111 0110010100 1000000111 1010010000 0111111000
10 10
1100010011 1110001011 1011110010 0111110101 0011001100 0000100100 1101011010 0011101101 0000001001 1100110110
1111100000 0000111011 1111000101 1101011101 0100100011 0000011010 1110001100 1000100100 0011011111 0011110010
10 10
0111101000 1010011010 0100001101 0110000000 1101100110 0001010010 1000111111 1011111111 0110110101 1001000001
0111110111 1101111001 1100100100 1100010001 0000001011 0011010000 0001101110 1110011100 0010101110 1011000011
10 10
1011111101 0100010000 0010111111 0010111000 1110000011 1001000111 1001100100 0101011010 0100101011 1111000100
0011000010 1010000111 0110111100 1010000000 0001111000 1100010100 0001011011 1100101111 0111111011 1101100101
3 3
101 010 110
100 000 111
7 10
1101011010 0011101000 1010011100 0010110001 1000101110 1100001010 0100000101
1100110110 1010100000 0100111001 1101100110 0011010100 1000010010 0010001101
3 2
01 11 10
00 10 11
1 10
1110011011
0111111011
10 10
0100000110 1001100100 0011011111 0011011110 1110010000 1000100000 1000111011 0110000001 1101101011 0111111101
1011101000 1100110001 1100110000 0111001110 0111010101 0010000101 1001101111 0001111110 0110001010 1000010011
5 10
0011010001 0111011001 0011001011 1100010011 1101000100
1110010001 1110001011 1010011001 0000000100 0001010011
8 9
001110100 101100000 100101111 111101000 010111100 101110000 010010001 111010000
010011111 000111111 100111011 010100111 000101111 001100000 111110011 111011110
10 10
0001100100 0011011011 1010110111 0111101110 1000011100 1100100001 0010010111 1101101010 1101000000 0110011001
0111110111 0010001110 1100111000 0001111101 0110000000 1101011001 0011000010 1010101110 1101110011 1000000101
10 10
1100111001 1011110011 0010000101 0100000000 0101001110 1101100111 0001110110 0010011110 1011011001 1110101000
1101000111 0011111011 0101111110 1010100111 0100110000 1100011001 1111010110 0000001000 0011100000 1010001101
2 3
001 101
001 011
4 4
0101 1000 1001 0011
0100 1110 0010 1111
7 6
101011 001001 000111 101100 100000 000000 100001
111101 011100 110100 111010 011101 010110 010001
10 10
1111001111 1000011001 0001100111 0000010001 1110010100 0111110110 1101111100 1110000011 0001101010 0010101000
1101100101 1011111001 0011000000 0010001100 1101101000 1100011110 1110100111 0010011011 0001110011 0100010110
4 9
000100011 000100010 110011101 110011100
000100010 110011101 110011100 000100011
4 9
011011010 011011110 011011111 011011011
111110000 111110100 111110101 111110001
10 10
0110010000 1000001101 1111100000 1111111011 0011011110 0000000111 0001110111 1111011001 0100101000 1000100110
1011110001 1101100110 0010011010 0101101100 1110111111 1001001001 0010000001 1100010110 0101000111 0010111000
10 10
1001111110 0000100100 0001001101 0110011000 1011000011 1110111011 1110110000 0001010111 1100101000 0111000111
0111010111 1100110000 0010100100 0101101010 0000111100 1011010011 1010001100 1101011001 1101000011 0010101111
1 3
000
101
2 8
00100101 11000010
01011000 11110100
10 10
1010000111 0110101111 0100110000 1010011010 1100110000 0111000011 1001111101 0001101100 1011000000 0101011111
1010111011 0100001100 0001010000 1001000001 1011111100 0111111111 0110010011 1100001100 0101100011 1010100110
3 8
01110110 01111101 10101111
00000010 01000100 10111011
2 9
010110111 010111101
101100011 101101001
8 8
10100011 00110100 11111010 00101000 01011010 00011001 10010110 01110011
01010111 11101001 01100110 00001100 10000101 11011100 01001011 00100101
6 8
01000100 11110111 11001111 10110010 00000100 00000001
00011111 11010100 11001100 01111100 10011001 10111001
10 10
1110101000 1010001100 0001111011 1000010011 0100000110 1010001101 1111110010 0001100001 0101010100 0111111111
1100011100 1001100011 1101000110 1011111101 1001100010 0010001111 0100010001 0111101000 0110111010 0010010101
3 6
100100 011010 101001
111101 110000 000011
6 7
0000110 0001110 0101100 1010011 1011011 1111001
1111011 0101110 0100110 1011001 0001100 1110011
6 6
000101 111111 010111 001000 101101 011010
101100 000100 111110 011011 001001 010110
10 10
1110010001 0010100011 0100000110 1010101111 1101101010 0001110110 1101000101 0101111000 1011011000 0010011101
0001100011 0110111000 0110000110 0000011101 1010001010 0101101101 1001011110 1111000011 1110110100 1001110001
6 5
11100 00010 01101 01001 11110 10101
00011 01111 10011 01011 11001 00111
7 9
001101011 100100010 011100100 111100111 010001111 110010010 001101001
111011010 011011111 100001100 101000110 001010011 110000101 010101111
9 6
100001 000011 101110 011100 000111 010001 011101 100111 101011
001001 110010 011000 100000 101110 110011 011101 010100 111010
10 10
1011101011 0110111110 0100000011 0100101110 1001000001 0000010001 1011011110 1011000100 1101110000 0110111101
1010101110 0001111011 1110010001 1100000010 1110111100 0111001111 0001100001 1100000001 0001010100 0011111110
3 6
001100 000011 001111
000101 001001 000110
10 10
1010011001 1101111100 0011100110 1000110001 0001000101 0010100011 0101010010 1111101110 0100001100 1110011011
1111010011 0110100011 0101000100 1110001101 0100110001 1010011010 1000111001 0001000110 0011101110 1001111100
10 10
1111001100 0011001001 1010101111 0101011010 0000100000 0001111001 1101010011 1010110110 1100010101 0110100110
0011110100 1010001011 1010010010 0110011011 1100101000 0000011101 0001000100 1111110001 0101100111 1101101110
10 10
1010110100 0001100000 0111010001 1000101111 1100001001 1111010110 0110000011 0100001010 1011111101 0001111110
0000101010 0011110101 1000101101 1011110110 1110000010 0111010011 0101001000 0100000001 1001111111 1110011100
3 6
000010 110001 000101
011110 000001 111011
10 10
0110001111 1011110101 0101010000 1100010111 0010110111 1001001010 0111101001 0010011100 1000101000 1101100010
0000110011 0100100000 1111110110 0011101100 1101001001 1110010100 1011011110 0100001011 0001010101 1010101011
6 9
101100010 000101101 001011101 100011010 000001010 010101001
001100000 000011000 100101111 100001000 101011111 110101011
10 6
000011 111010 110010 000101 001011 111000 001001 111110 001111 110100
111110 001101 111100 111000 000011 001111 000101 001001 110100 110010
4 10
1011101110 0101110101 0001100101 1111111110
0001100001 1011101010 0101110001 1111111010
3 6
001011 111010 001001
110011 000000 000010
7 7
0110100 1110000 0011010 1010000 1001001 1001110 1101011
1101111 0001011 0010010 0010101 0101011 0110000 1000001
7 9
011101100 001111110 100011010 111000001 000010101 010001110 010000111
000100100 100101011 010110110 111110000 001001111 011011101 010111111
3 2
01 11 10
00 01 11
6 9
000000010 000010010 111001111 111101111 111011111 000100010
111101101 000100000 111011101 000000000 111001101 000010000
1 4
1001
0001
3 7
1010100 0011011 1101101
0011101 0100100 1010010
10 10
0001000110 0111010100 1000000011 1101111010 0010111000 0111101001 0010100101 1101101111 1100010001 1010011110
0110100011 1001110100 1010001010 0110110110 0011001111 1100100101 0111011101 1001101001 0001010010 1100011000
2 10
0001111111 0111100001
1001000111 1010000011
5 3
100 000 011 110 111
100 110 000 111 001
10 10
0110111110 0111010011 0111001000 1100000010 1001001101 0001101010 1111000100 0000110001 1010110111 1000111101
0110011000 1001101101 0000010111 1111100100 1010101011 0001111010 0111000011 1110010100 0001100001 1100011110
10 10
0110001111 1100010011 1010001011 0101100000 0011101100 1110110011 0101000100 0001111100 1011010101 1000111010
1111001001 0110101110 1001100001 1101011001 0000110110 0100011111 1010101010 0111110000 1001000101 0010010110
10 10
0010101110 1101000100 0100010101 0000110010 0111001001 1011111110 1000101011 1110010100 0101000011 1011111001
1100101100 1001000110 1001000001 0000010110 0111111011 1010010011 0101110001 0110101101 1111111100 0010001010
10 10
1101001001 0110101100 1111011100 1000000110 1000100110 0010001011 1011110001 0001011010 0111110111 0100110001
1110110010 0001110010 0010110100 1010011111 1000001010 1101000101 0011101111 1101100101 0100011001 0111001000
10 10
0100001000 0101000100 1011001001 0101110001 0110101011 1000110000 1010010111 0010010110 1001101111 1111111110
1111001011 0000101101 0001010100 0011110111 1100110011 1101101100 0111001010 1110010101 1010100010 0000011000
4 9
110000110 001101001 100101011 011000100
010000100 000101001 101101011 111000110
10 10
0010101000 1001000011 1000111001 0101010111 0001000001 0100010100 1110101010 1010111100 1111101110 0111010111
1000101110 1110111000 0001010011 1011101101 1101010001 0000010111 0101000101 0111000000 1010101110 0110111010
10 10
0101001101 1010111000 1011010010 0111101000 0101000011 0010001111 1100010101 0100101111 1010110100 1001110010
0100100100 1000011110 0111100011 1001111000 1010111110 1111011001 1001110100 0110001111 0110000001 0001000011
10 10
0001011011 1011110101 1111001110 0101111001 1000011010 0101001110 0110100000 1110000011 0010100101 1000110100
1110110101 1011000011 0100011011 1101011010 0111100101 0000111001 0011100000 1101110100 1010001110 0000001110
10 10
1110110111 0000100100 0001000000 1011001000 0011011111 1110011001 1000101110 0101111010 0110000011 1101110101
0001000110 1011001110 1110011111 1101110011 0110000101 0000100010 0101111100 1110110001 0011011001 1000101000
2 2
00 01
10 11
9 9
111010010 111000010 000010101 101010101 010101110 100100111 011011111 010011011 101001110
101011001 010100010 000100101 111100010 000110101 100101000 101101100 011010000 010111001
7 8
00100001 10010000 11100100 00000001 00011011 01011101 00100101
01101110 00110010 01001010 01110100 10001011 11111111 01001110
10 10
1100100011 1001111100 0011000001 0010001000 0110100101 0111111101 1000010010 1001011010 0110010110 1101101111
1101111000 0011010110 0111100011 0010011010 1100110001 1001000100 0111000101 0110101011 1000101111 1000011100
9 8
11111101 01010000 00101001 01110000 01111100 01001101 00111101 00000001 10110111
11110100 11011101 11010100 01011100 11011111 11001001 10111110 00000110 01011011
3 3
110 000 101
011 110 000
8 7
1110111 0100011 0110101 1100001 0110010 1000101 0111110 0001101
1100101 0111010 1101110 1111000 0101100 1101001 1010110 0011110
10 10
1011011010 0101001110 1101100101 1111011110 0100100001 0110010001 1000111010 1011000000 0010101101 0000110111
0101011011 1011001111 0100110100 1011010101 0110000100 1101110000 0010111000 1000101111 1111001011 0000100010
10 10
1101111001 0100011000 1000110110 0010111100 0000101011 0101000111 0011100001 1011001000 1110010110 1111000111
0111000011 1110100010 0010001100 0100101100 1111111101 1001011011 1010010001 0001110010 1000000110 0101111101
10 10
0111100110 0011111100 1110000011 1100101101 1011000111 1100011000 0001101010 0001011001 0110110011 1000010100
0110000110 1011110010 1101001101 0001101100 0110110011 1011000001 1001010111 0010111111 1100011000 0100101000
8 10
1111110110 0100001001 0111001101 1000001111 1111111010 1111101011 1010100111 0100000000
1010101000 1011110000 1000101011 1111011100 0000111101 0010001001 1111001110 0101111011
10 10
1100111111 0000011111 1111101000 1011000000 0111101000 0100110010 0011010110 0101000011 1000011101 1010100101
1111011001 0000111111 0010000111 1010000101 1101110010 1110101000 0110100101 1001001100 0101110010 0001011010
1 10
1101111001
0111100011
4 4
1110 0000 1001 0011
1010 0000 0111 1001
