100
1 2
11
10
10 10
0000110110 1101110101 1101001011 1000001011 0010100100 1111011011 0010011010 1101100001 0010111100 0111000100
0110111011 1011011100 1110100100 0001101011 0100101011 0100010101 0100000001 1001010110 1011000100 1011111010
1 10
1001001010
1001101000
8 9
110011000 101100100 100011100 001100110 000000101 111100000 011100010 010000001
100110110 111001010 000101111 011001000 101001110 001001100 110110010 010101011
6 7
1100001 0101110 0111111 0101101 1100010 1110011
0001100 1010010 1000000 0011110 0011101 1010001
10 9
000000100 000001100 000101011 001111111 111101001 001110111 111010101 111011101 000100011 111100001
100110011 011000101 011001101 100111011 010011001 011101010 100001111 100000111 010010001 011100010
4 7
1100100 0011010 0111110 1000000
1111110 0000000 0100100 1011010
8 9
110011011 101100010 111011111 100100000 100100010 101100110 110011001 111011011
011011001 000100100 001100010 010011101 010011001 011011011 000100000 001100000
4 5
11001 10101 01001 00101
10111 01011 11011 00111
4 9
000001000 100001111 100110010 010111100
111110111 100010010 110110101 000110101
10 10
0111101000 0011110111 1111011011 1010110100 1001111110 0111000001 1000100001 0100010101 1011001010 0001000011
1010101010 1000011110 1001000001 0101110101 0000100011 1011010100 0010010111 0110100001 1110111011 0110001000
10 9
100101001 010011111 100000010 010100101 011101001 101111001 110010000 111001011 110101010 110100011
010001001 001110000 010001010 010000101 000011000 100111010 000100110 110011001 100010011 011001000
10 10
1000101110 0111001000 1110010001 0111110111 1101011111 0010110000 1000100100 0010001101 0101101010 1001010011
0011110100 1000001111 0000111010 1111010101 0100110110 1111101000 1010010010 1010101101 0101001011 0101000001
4 7
1000101 0100010 0100001 1000110
1001101 1001110 0101001 0101010
10 10
0010111101 1010010110 1111111111 1011001001 0000000011 0101101101 1100100010 0101000010 1010011000 0101110100
1111001100 0000100000 0101010111 1111000010 1110011101 0111101001 0000010110 1001110110 0000111001 1010101011
10 10
0011100100 0001101100 1100011001 1111100011 0000000101 1010011011 1100001010 1011110110 0110110000 0101011111
0011111110 1111100010 1001010111 1100000011 0011101101 0100010001 1010111000 0101111100 1110001011 0000000100
8 6
001100 101001 011011 110111 110100 010010 111101 000000
011111 100100 111010 000001 001000 010011 100111 101110
6 4
0001 1111 1101 1100 0000 0011
0000 0011 1111 1110 1100 0010
10 10
1101010101 1001000001 1111100100 0101010010 0010001011 1010110110 1010001001 0101101110 0110111111 0000111000
0001111111 1101001001 0010010010 0111111000 1010010101 1000100100 0010101110 1110000001 0101001011 1101110110
4 6
011011 011111 110101 110001
011000 011100 110110 110010
4 6
000010 100010 000101 100101
011001 111001 011110 111110
10 10
1001010011 0101000001 0110001110 1001011100 0110111010 1000100001 0011101111 1000100010 1110110101 0111011100
0111100100 0100011111 1111101011 0010110001 1000000010 0111010000 1001111100 1000001101 0110000010 1001111111
2 4
1111 1100
1001 1010
10 10
0010110001 1110100110 0010101011 1111110000 0101001011 1101011101 1010100100 0000010100 1101011011 0001001110
0001110110 1001111001 1001100011 0101110100 1110011001 1010011100 1011000110 0110001111 0100100010 0110001001
10 10
0111100111 0110000000 1010111011 0111010110 0001001100 1000100100 0001011011 1000101000 1101011101 1110110011
0010001011 1111100110 0110000011 0000010100 0000011000 1111010111 0101101101 1001101011 1110110000 1001111100
10 10
1101011111 0101110010 1010101100 1111010011 0010111100 0001010100 1101000011 0010001001 0100101001 1010100110
0100011101 1011001011 0100000001 0011101110 1000010110 1100110000 0011100100 1011111110 0110010001 1101101011
10 10
0111110011 1010111000 1000100010 0001100101 0011000101 1101010111 0101001000 1110111110 1000001100 0110011011
1010101011 1011000011 0010001110 1111110101 0001100111 1101010101 0110001000 1001111000 0100010010 0100111100
10 7
1010010 0001100 1100110 1110001 0101011 1101111 1101100 0110110 0010011 0111100
0001000 0011111 0111100 0000010 0000001 1111101 1000101 1010010 1011000 1100010
10 10
1010010100 1000011001 0111101011 0000011110 0001001100 1111110011 1100110110 0111100010 1101000001 0010101101
1010011011 1010010010 0001000110 1100111100 0101101001 1111011101 0111100100 0010000011 1101101110 0000110001
1 7
0111101
0101100
10 10
0111100000 0111110000 1100100011 0001001101 1111111110 1001010101 1100011010 1010001111 0000100011 0010011100
0101100111 1101111001 1011010100 0011001100 1000000101 1010111010 0000010110 1101101001 0110000011 0110111010
10 10
1111011101 0011110000 0010100111 1011000100 1100111001 0101101010 1000101011 0001011101 1110000010 0100010110
0100110100 0111001110 1110111000 0010000101 1101010111 1001001110 0101100011 1010101010 0011111001 1000010001
10 10
0010000101 0001010010 0010100001 0110101000 1101010110 1101001100 0001111101 1010101110 1101011011 1110110011
0111011100 1011000010 0100100011 1000110001 0111000110 1011101101 0111001011 0000111110 1000010101 1100111000
6 10
1101011100 1110001001 0101001100 0001001101 1101111110 1010000010
1100011100 1111111001 0110101010 0111010100 1010100001 1101100000
10 10
1011110100 0011101010 1000001000 0111010001 1100100111 0110110011 1101011110 1000101100 0100010101 0011001011
1100101001 1110001111 0010010010 0111000100 1001010001 0110111101 0010110110 0001101110 1001110000 1101001011
10 10
1111111011 0100100010 0001100101 0000011101 0110011010 1011100101 1001001110 1110110010 0000000101 1111011000
0000010011 0100110100 1001011000 1111001110 0001110011 1111101101 0000001011 0110001100 1011110011 1110100100
6 10
1001011010 0110100100 1011011011 0110100101 1011011010 0100100100
0110100100 1001011011 1001011010 0100100101 0100100100 1011011010
5 5
10101 11001 01100 11111 01111
10100 00001 00010 11000 10010
10 10
0010010001 0011001101 0111100110 1101010000 1001100011 0001100110 1100111101 1110011011 1000111100 0110001010
1010000111 0110110001 0101111010 1100000111 0010000010 1000101100 0011011101 1101101011 0111011100 1001110000
10 10
0101111000 0001000001 0101010010 0000010100 0001010101 1001000011 0010011001 0111111111 0010010000 0001000111
0110111000 0011000001 1000001100 0101001011 0010100000 1100110100 1000011111 0000111001 0100110000 1010010100
10 10
0011111101 0110111101 1101100010 1011000100 0000101001 0001011001 1100110010 1010010110 0100001110 1111000011
0000010111 1010101000 0001100111 1101011100 1100001100 0110000011 1111111101 1011111010 0011000011 0100110000
6 8
10010110 01011100 01011001 10010011 11001100 11001001
10100001 11111110 11111011 01101110 01101011 10100100
6 4
1101 0100 0101 1001 0000 0001
1001 1000 1100 0000 0100 1101
8 8
11110001 01000100 11011001 11001100 11011011 01010001 11100100 11001110
11100100 11110001 01111001 01101100 11110011 11100110 11011001 11001100
7 8
00001011 01000111 00001110 01111100 01101000 01011111 01111110
10001010 10010010 10100101 11000011 10110001 10110011 11000110
6 10
1000100001 0110111111 1011000111 0111110010 1011111010 0101001111
0101011010 1010001001 1000110100 0110000001 1011000100 0110111100
2 5
01001 11111
11110 01000
10 10
0101100001 1111100101 1100100010 0010110111 0010011010 0100010000 0001101110 1011001000 1100011101 1011011111
0001100111 1000100010 0001001010 1111011111 1111100000 1100011000 0010010011 1000110101 0110011100 0111101101
10 10
0110100110 0000000000 1101111111 0011001111 1101101110 1001010001 0111110000 1010011000 1010100101 0100011011
0011101100 0000100101 1101001101 1110100110 1100011011 1001110010 1010111101 0111010011 0000011000 0111000010
4 4
1001 1010 0010 0001
0110 1110 1101 0101
10 9
101000011 111000011 000110100 101011000 000100111 010100101 111000001 010100111 000111100 101010000
000111111 101001000 101010011 101011011 010101100 111001010 000101100 111001000 000110111 010101110
10 10
1010000111 1000100100 0111111110 0111011010 1011111001 0100100100 0101001000 1000011011 0000100101 1111010011
1110011011 1110100100 0011001000 0001011010 1101111001 0110100101 0010100100 1100000111 1001010011 0001111110
4 9
000101111 000101000 011001000 011001111
111001110 100101001 111001001 100101110
10 10
0011010101 1010110110 1001010000 0110101101 1010101000 1100110101 0101101011 1100011011 0001001110 0111000010
0101001110 1010110011 1101010000 0110101000 1011011100 0000000101 1001110101 0110110110 0000101011 1111001011
4 7
1001111 1001010 1111000 0010101
1010100 1010001 0001110 1100011
2 4
0100 0101
0010 0011
2 9
110001101 010111000
010110010 110000111
10 10
0101000110 1010101001 1100011111 1000100110 0010011000 0011111011 1101010100 0011110000 0100101011 1111000101
1111010001 0110001000 0000111110 1000001010 1110111001 1001100111 0001110101 0011100100 0100000111 1111011010
1 3
001
100
10 10
1001010001 0111100000 1111011111 1010010000 1000111010 0110100000 1000111111 0011100101 0101001111 0100001110
1100000011 1110101101 1001000110 0010011100 1101000011 1111101100 0000110011 0101111100 0011110010 0010011001
10 6
100111 110001 110111 001101 000101 111010 110010 111111 101111 111001
110100 001110 101100 111001 000110 111010 100100 110010 111100 110001
4 10
0110011100 1110000101 0001111110 1001100111
0111111000 1111100001 1000000011 0000011010
10 10
0001111101 1010110111 0001101010 0100110001 0111001001 1111001100 1010000010 1100011010 0011000101 1100110110
0101110101 1110001010 1110100110 1000001011 1000111110 0110001101 0011010110 0001111001 1101110000 0011000001
10 10
1011100011 1110010100 0011100101 0100110001 0100011111 1011111010 1000001011 0001010000 1101101110 0110001100
1111110100 1010000011 1001111001 0010011011 0000100110 0000001000 0111110010 1111101101 1100011100 0101000111
10 10
0111111101 1110100000 0110001011 1010111100 1101101111 0001010000 0111010011 1000001100 0000010111 1001100010
1110001101 0000111100 0111111110 1110100011 0011100010 1111010101 0100110001 1001001001 0001010010 1000001110
10 10
1110110001 0001000101 0110101110 1011101111 0001010010 0111001011 1101110100 1110010100 1000001011 0000111000
1010100101 1011001111 1101010110 0111101001 0001110010 0010010110 1011011000 0100101100 1100110011 0100001001
10 10
1001010111 1101100000 1111101011 1111110110 0110101101 0010011010 0000010011 1001000100 0110111101 0000001000
0001111101 1110000011 1100010001 0011101011 1110011000 0111001111 1000110110 0111011100 1000100110 0001100000
2 10
1011110110 1010100010
0110000010 0100101011
2 4
1010 1110
0110 0010
4 8
01010110 01101001 10010110 10101001
10101001 01010110 01101001 10010110
10 10
1000100000 0001011101 0110010000 0100110100 0100010000 0000000110 0101000011 0110011110 1011101101 1011110111
1110110000 0010000000 1110010100 1011111101 0001010111 0001001101 1111100011 1010100110 1100111110 1100110000
10 10
0001101100 1010010101 0001001000 0100101111 1110110000 0111111001 1011010010 1000000110 1101011111 0110100011
1110010010 0111011100 1101000110 0000110111 0001101101 0111111000 1000100100 1100000001 1011001011 0010111011
8 8
00110001 00101010 00111011 01110111 11011000 10000011 01000011 01001100
00011110 11010001 01111000 00100101 01101001 01100011 10001010 00010001
6 9
001011101 110000000 101100011 100000100 110100011 101111011
001011001 101111111 100000000 110000100 110100111 101100111
4 5
00000 00100 10001 10101
00111 10010 00011 10110
10 10
0011111000 0010111100 0110001011 1100100101 1100010110 0111001111 1000100010 1001011100 0101110001 1011000011
1101010111 0111001010 1010000010 0110001110 0010111001 0011111101 1000011101 0100110000 1001100011 1101100100
10 10
0111001111 1000111000 0000010011 1111000100 1101000010 1111011001 1010101111 0010111100 0101100110 0000110001
0001010110 1001011111 0110101000 0100000001 1100100101 1110100011 0001110100 1011001000 1110111110 0011011011
2 7
1000111 1101100
0111000 0010011
9 7
0110100 1011000 1100001 1111001 0001110 1010100 0100011 1111110 0011101
0001000 0001111 1010101 0101110 0100010 0010111 1000010 1101011 1111000
3 8
00101011 01111110 01000010
00111001 10001111 11110010
10 10
0111101111 1110101011 1010010000 0001101101 0111010100 1000000010 1011011011 0101001000 1100110111 0000110100
0000101100 0101010000 0010001011 1011001111 0010110000 0100001001 1001010011 1101100110 1110111111 1111110100
5 4
1010 1011 0001 0101 0011
1111 0101 1011 1101 0100
10 10
1010000110 0011110101 1001000010 1111101111 1111100001 0000100001 0110011001 1000111000 0101011110 0100011110
0100110001 0101001011 1110000110 0010011100 1101010010 0010010010 1000101101 1001101101 0111110101 1011101010
10 10
0101110011 1101001000 1011100010 1010000101 0100111011 1101100111 0000001101 1010011000 0110010110 0011111100
1110010100 1001110110 0001100010 0010000111 0111101101 1111110011 0000101010 0100011100 1110001001 1001011001
8 6
110101 100010 101001 011101 010111 001111 110000 011001
001000 010011 010111 001001 001110 001111 111000 100110
3 4
0010 0110 0011
0001 0100 0000
2 3
010 011
001 000
10 10
1001000011 0100111101 0010010100 0111110001 1101011001 0010100010 1011101010 1110100110 1001011111 0100001100
0001000011 0010111100 1000010100 1011101001 0110100110 1101110001 0100001111 1101000111 1011011000 0110111010
10 10
1111111001 0010001011 1101000011 1001001111 1101110000 0011011000 1010111100 0100100101 0000110110 0110000110
0000011110 0000101101 1011101000 1111100101 1110110110 1001001011 1101011000 0111010010 0100100001 0010010111
8 5
10010 01101 10011 00011 10100 00010 01100 10101
10010 00010 10011 10100 01101 00011 01100 10101
8 7
1110110 0010101 0001101 0011101 0110100 1001001 0011010 0000001
0111100 1010000 0101011 0100111 1101111 0010010 0111011 0110011
10 9
100101100 110001100 111000000 100111001 101111001 010100000 000001001 011100100 111011100 000011001
110011100 101111001 111001100 011100000 100111001 101101100 110000000 001001001 010100100 001011001
4 7
0110010 0101001 0110000 0101011
0110100 0110110 0101111 0101101
10 10
0000001101 1001110110 0111010011 1110101110 1010000011 1101111100 0110000010 1001110001 0110011001 0001101100
1111010111 1100000101 0000010101 1000001000 1000001111 1011111010 0111100000 0001110100 0110101010 0111111011
7 7
0011110 1101111 1000111 0000111 0110100 0110011 0100001
0000011 1110010 1011010 0101110 0101001 0011010 0111100
2 9
110100110 100100001
010110110 110000100
10 10
1010100000 0000100011 0101111110 0001011001 0110010111 1110101000 1001001110 1101101011 1011010100 0110010101
1101011100 1001111011 0001101100 0101001001 1110110111 1110110101 1000000001 0010000010 0110001010 0011110110
6 6
101111 010011 000110 100101 110000 010101
010010 100100 010100 101110 000111 110001
2 5
11010 01110
01100 11000
10 10
1011110000 0101001101 0111100010 0001010011 1100010000 1010001110 1111000011 0010111101 0100101100 1000111111
1110110100 0100111010 0011001010 1101100111 1011111001 0110010101 1010000111 0101011011 1001001000 0000100100
