100
5 4
2 1
4 20
7 17
17 13458
4 3
31 229665915
39 85420439155
50 105553116266496
24 2766953
7 20
4 5
44 2889534425181
7 3
23 338272
25 1000000000000000000
34 1895097918
2 1000000000000000000
7 28
4 1
7 25
43 1255787553659
28 34516412
50 999999999999999999
37 10330896660
7 31
7 24
7 7
26 12787548
25 8388609
31 215953406
32 47577570
7 2
3 1
44 2919013300006
37 26703228362
7 14
7 27
4 4
7 26
7 30
50 140737488355328
25 1724887
49 140737488355329
25 252525
12 1012
49 108636843387504
49 140737488355328
44 320798512345
49 281474976710656
30 57402759
7 1
50 111407774193975
7 5
2 2
7 12
7 4
19 73671
7 6
7 15
7 8
50 281474976710655
32 389453128
7 33
43 1226159597290
41 475928845615
45 5935018616874
7 13
41 396574354009
7 11
7 22
44 3074639674639
37 3098168759
47 11231402631301
3 2
11 466
7 16
50 1000000000000000000
17 19165
4 2
13 826
50 1
7 9
7 21
7 10
7 19
30 160173867
17 6295
7 23
3 3
35 4016147925
7 29
18 17379
7 32
50 281474976710656
50 281474976710657
7 18
44 2228176844805
20 95654
33 1910258299
