50
6
0.90 0.89 0.68 0.07 0.23 0.86
0.73 0.65 0.01 0.79 0.35 0.66
10
0.43 0.32 0.57 0.11 0.06 0.28 0.21 0.47 0.53 0.04
0.72 0.77 0.74 0.87 0.98 0.96 0.91 0.62 0.68 0.81
2
0.84 0.37
0.16 0.32
2
0.3 0.4
0.7 0.9
5
0.75 0.91 0.80 0.93 0.96
0.66 0.71 0.12 0.18 0.50
8
0.47 0.23 0.50 0.27 0.93 0.90 0.03 0.80
0.30 0.63 0.60 0.87 0.40 0.20 0.43 0.57
5
0.94 0.74 0.54 0.89 0.91
0.57 0.43 0.14 0.80 0.69
10
0.228 0.248 0.842 0.911 0.198 0.109 0.970 0.604 0.119 0.683
0.465 0.366 0.762 0.644 0.960 0.832 0.941 0.079 0.752 0.812
10
0.12 0.25 0.75 0.78 0.65 0.10 0.58 0.43 0.68 0.05
0.93 0.60 0.63 0.73 0.30 0.27 0.15 0.55 0.95 0.50
1
0.3
0.9
4
0.84 0.88 0.72 0.53
0.44 0.47 0.16 0.34
10
0.83 0.46 0.80 0.11 0.63 0.39 0.04 0.59 0.93 0.30
0.82 0.37 0.73 0.68 0.35 0.42 0.14 0.38 0.13 0.61
9
0.22 0.93 0.74 0.07 0.11 0.41 0.30 0.70 0.56
0.04 0.26 0.59 0.33 0.81 0.48 0.63 0.44 0.85
7
0.65 0.90 0.80 0.60 0.50 0.70 0.75
0.10 0.45 0.40 0.15 0.30 0.25 0.20
4
0.37 0.84 0.47 0.95
0.16 0.58 0.68 0.89
6
0.10 0.40 0.73 0.67 0.53 0.90
0.37 0.77 0.70 0.07 0.93 0.80
3
0.88 0.56 0.62
0.19 0.75 0.50
4
0.46 0.43 0.82 0.96
0.57 0.89 0.25 0.75
10
0.58 0.91 0.35 0.01 0.33 0.59 0.87 0.41 0.56 0.89
0.23 0.71 0.97 0.65 0.68 0.52 0.32 0.47 0.54 0.39
10
0.504 0.933 0.403 0.924 0.487 0.571 0.857 0.597 0.958 0.521
0.815 0.286 0.193 0.353 0.185 0.563 0.739 0.689 0.387 0.067
10
0.17 0.08 0.13 0.37 0.54 0.48 0.21 0.22 0.43 0.10
0.57 0.56 0.97 0.73 0.87 0.89 0.65 0.90 0.95 0.75
10
0.31 0.34 0.21 0.38 0.48 0.10 0.28 0.07 0.14 0.03
0.93 0.90 0.59 0.76 0.72 0.86 0.66 0.69 0.52 0.83
10
0.25 0.83 0.94 0.87 0.30 0.90 0.92 0.91 0.99 0.82
0.01 0.61 0.26 0.45 0.98 0.29 0.36 0.39 0.79 0.03
6
0.05 0.70 0.19 0.22 0.38 0.81
0.54 0.16 0.11 0.59 0.76 0.46
10
0.47 0.70 0.79 0.81 0.16 0.98 0.88 0.95 0.49 0.44
0.74 0.37 0.23 0.86 0.19 0.84 0.58 0.93 0.28 0.40
6
0.48 0.64 0.96 0.88 0.72 0.60
0.08 0.16 0.44 0.36 0.04 0.20
10
0.393 0.830 0.795 0.330 0.161 0.661 0.027 0.134 0.804 0.741
0.250 0.652 0.857 0.589 0.268 0.607 0.982 0.571 0.848 0.071
8
0.67 0.49 0.47 0.31 0.65 0.37 0.25 0.69
0.78 0.27 0.82 0.98 0.71 0.59 0.04 0.10
3
0.3 0.6 0.1
0.9 0.7 0.4
6
0.20 0.43 0.39 0.67 0.24 0.84
0.27 0.33 0.37 0.18 0.90 0.49
1
0.27
0.64
10
0.15 0.60 0.51 0.77 0.75 0.72 0.11 0.79 0.21 0.10
0.32 0.62 0.22 0.74 0.43 0.31 0.46 0.64 0.95 0.42
3
0.62 0.12 0.50
0.35 0.27 0.85
10
0.609 0.973 0.400 0.855 0.918 0.536 0.782 0.891 0.909 0.427
0.055 0.291 0.373 0.118 0.391 0.264 0.327 0.082 0.364 0.027
1
0.42
0.08
10
0.61 0.43 0.03 0.13 0.26 0.21 0.59 0.49 0.17 0.63
0.58 0.78 0.72 0.20 0.68 0.39 0.77 0.62 0.22 0.55
10
0.07 0.04 0.29 0.40 0.58 0.18 0.11 0.62 0.82 0.38
0.73 0.96 0.16 0.31 0.53 0.20 0.60 0.64 0.22 0.98
10
0.61 0.69 0.89 0.59 0.76 0.81 0.67 0.78 0.57 0.96
0.33 0.46 0.56 0.06 0.20 0.02 0.07 0.50 0.04 0.09
7
0.06 0.37 0.15 0.40 0.20 0.33 0.28
0.50 0.41 0.44 0.43 0.74 0.62 0.65
1
0.1
0.9
1
0.3
0.8
10
0.29 0.37 0.40 0.15 0.07 0.01 0.09 0.35 0.31 0.18
0.85 0.45 0.48 0.74 0.49 0.66 0.60 0.75 0.80 0.53
7
0.41 0.26 0.51 0.03 0.18 0.46 0.08
0.10 0.92 0.36 0.21 0.74 0.15 0.54
2
0.1 0.3
0.9 0.4
2
0.92 0.77
0.23 0.69
10
0.08 0.58 0.62 0.81 0.65 0.50 0.85 0.23 0.31 0.46
0.35 0.42 0.69 0.88 0.54 0.15 0.12 0.96 0.38 0.73
10
0.74 0.35 0.88 0.50 0.38 0.68 0.32 0.62 0.71 0.06
0.97 0.56 0.79 0.12 0.03 0.91 0.47 0.53 0.26 0.15
10
0.55 0.35 0.83 0.97 0.98 0.20 0.03 0.88 0.53 0.32
0.05 0.10 0.40 0.60 0.15 0.67 0.72 0.75 0.77 0.87
6
0.68 0.90 0.26 0.29 0.87 0.53
0.97 0.23 0.60 0.32 0.61 0.19
10
0.983 0.564 0.530 0.034 0.333 0.111 0.940 0.513 0.701 0.667
0.419 0.709 0.256 0.974 0.880 0.402 0.026 0.726 0.778 0.009
