100
820 592 266
156 987 471
513 513 256
3 4 3
512 512 2
933 517 352
564 433 309
881 275 80
512 512 257
956 241 4
1 1 1
133 416 95
4 3 4
7 8 5
408 181 82
345 471 34
4 3 5
758 309 915
513 513 1
986 183 165
683 917 447
220 342 189
861 771 66
180 653 219
315 426 992
956 408 408
633 179 7
92 532 155
881 377 727
18 60 382
541 250 228
508 11 548
1 1 1000
339 997 422
610 579 870
555 980 543
923 892 973
2 1 3
482 809 341
5 5 2
403 696 11
5 2 4
580 754 120
3 4 2
4 1 1
4 5 1
103 143 88
5 3 5
2 4 2
233 874 414
2 3 2
326 877 82
45 56 35
512 512 256
5 4 2
997 383 276
121 141 146
1 5 2
262 730 172
862 173 121
3 1 1
603 88 53
880 25 15
954 99 558
173 683 781
370 156 955
1 1 1
362 793 228
255 378 125
25 722 271
4 5 2
517 624 81
513 513 2
853 393 271
715 51 10
1000 1000 1
997 276 234
2 5 1
994 329 795
512 512 1
305 8 240
516 378 301
1 4 5
427 367 643
187 168 64
550 218 175
73 691 50
513 513 512
786 878 78
733 18 448
591 56 283
455 780 18
998 152 260
228 663 611
1 2 5
994 505 609
512 512 513
5 2 2
4 2 5
513 513 257
